http://espn.go.com/golf/player/scorecards/_/id/241/year/2004/tournamentId/168/jonathan-kaye,the Memorial Tournament,6/03-06/06,Round 2,Muirfield Village GC - Dublin- OH,,2004, 1, 470, 4, 4, 30, 2, 455, 4, 4, 30, 3, 401, 4, 4, 30, 4, 200, 3, 3, 23, 5, 527, 5, 5, 38, 6, 447, 4, 4, 30, 7, 563, 5, 4, 37, 8, 185, 3, 3, 23, 9, 412, 4, 4, 30, 10, 471, 4, 4, 30, 11, 567, 5, 5, 38, 12, 184, 3, 3, 23, 13, 455, 4, 4, 30, 14, 363, 4, 6, 32, 15, 529, 5, 4, 37, 16, 201, 3, 4, 24, 17, 478, 4, 4, 30, 18, 444, 4, 3, 29,  , 30, 30, 30, 23, 38, 30, 37, 23, 30, 30, 38, 23, 30, 32, 37, 24, 30, 29,
http://espn.go.com/golf/player/scorecards/_/id/241/year/2004/tournamentId/168/jonathan-kaye,the Memorial Tournament,6/03-06/06,Round 1,Muirfield Village GC - Dublin- OH,,2004, 1, 470, 4, 4, 30, 2, 455, 4, 5, 31, 3, 401, 4, 5, 31, 4, 200, 3, 2, 22, 5, 527, 5, 5, 38, 6, 447, 4, 4, 30, 7, 563, 5, 5, 38, 8, 185, 3, 4, 24, 9, 412, 4, 4, 30, 10, 471, 4, 3, 29, 11, 567, 5, 5, 38, 12, 184, 3, 4, 24, 13, 455, 4, 5, 31, 14, 363, 4, 4, 30, 15, 529, 5, 6, 39, 16, 201, 3, 3, 23, 17, 478, 4, 5, 31, 18, 444, 4, 5, 31,  , 30, 31, 31, 22, 38, 30, 38, 24, 30, 29, 38, 24, 31, 30, 39, 23, 31, 31,
http://espn.go.com/golf/player/scorecards/_/id/241/year/2004/tournamentId/169/jonathan-kaye,Buick Classic,6/10-06/13,Round 4,Westchester CC - Rye- NY,,2004, 1, 190, 3, 3, 23, 2, 384, 4, 5, 31, 3, 408, 4, 4, 30, 4, 419, 4, 6, 32, 5, 575, 5, 7, 40, 6, 151, 3, 3, 23, 7, 350, 4, 4, 30, 8, 471, 4, 5, 31, 9, 505, 5, 5, 38, 10, 314, 4, 4, 30, 11, 447, 4, 5, 31, 12, 485, 4, 5, 31, 13, 410, 4, 4, 30, 14, 154, 3, 4, 24, 15, 462, 4, 4, 30, 16, 214, 3, 3, 23, 17, 374, 4, 5, 31, 18, 526, 5, 4, 37,  , 23, 31, 30, 32, 40, 23, 30, 31, 38, 30, 31, 31, 30, 24, 30, 23, 31, 37,
http://espn.go.com/golf/player/scorecards/_/id/241/year/2004/tournamentId/169/jonathan-kaye,Buick Classic,6/10-06/13,Round 3,Westchester CC - Rye- NY,,2004, 1, 190, 3, 4, 24, 2, 384, 4, 5, 31, 3, 408, 4, 4, 30, 4, 419, 4, 4, 30, 5, 575, 5, 4, 37, 6, 151, 3, 3, 23, 7, 350, 4, 4, 30, 8, 471, 4, 4, 30, 9, 505, 5, 5, 38, 10, 314, 4, 3, 29, 11, 447, 4, 5, 31, 12, 485, 4, 5, 31, 13, 410, 4, 4, 30, 14, 154, 3, 3, 23, 15, 462, 4, 5, 31, 16, 214, 3, 3, 23, 17, 374, 4, 4, 30, 18, 526, 5, 4, 37,  , 24, 31, 30, 30, 37, 23, 30, 30, 38, 29, 31, 31, 30, 23, 31, 23, 30, 37,
http://espn.go.com/golf/player/scorecards/_/id/241/year/2004/tournamentId/169/jonathan-kaye,Buick Classic,6/10-06/13,Round 2,Westchester CC - Rye- NY,,2004, 1, 190, 3, 3, 23, 2, 384, 4, 4, 30, 3, 408, 4, 4, 30, 4, 419, 4, 5, 31, 5, 575, 5, 4, 37, 6, 151, 3, 2, 22, 7, 350, 4, 3, 29, 8, 471, 4, 4, 30, 9, 505, 5, 6, 39, 10, 314, 4, 3, 29, 11, 447, 4, 4, 30, 12, 485, 4, 4, 30, 13, 410, 4, 3, 29, 14, 154, 3, 2, 22, 15, 462, 4, 5, 31, 16, 214, 3, 3, 23, 17, 374, 4, 3, 29, 18, 526, 5, 4, 37,  , 23, 30, 30, 31, 37, 22, 29, 30, 39, 29, 30, 30, 29, 22, 31, 23, 29, 37,
http://espn.go.com/golf/player/scorecards/_/id/241/year/2004/tournamentId/169/jonathan-kaye,Buick Classic,6/10-06/13,Round 1,Westchester CC - Rye- NY,,2004, 1, 190, 3, 3, 23, 2, 384, 4, 5, 31, 3, 408, 4, 6, 32, 4, 419, 4, 3, 29, 5, 575, 5, 5, 38, 6, 151, 3, 3, 23, 7, 350, 4, 4, 30, 8, 471, 4, 4, 30, 9, 505, 5, 5, 38, 10, 314, 4, 4, 30, 11, 447, 4, 5, 31, 12, 485, 4, 4, 30, 13, 410, 4, 4, 30, 14, 154, 3, 3, 23, 15, 462, 4, 4, 30, 16, 214, 3, 3, 23, 17, 374, 4, 4, 30, 18, 526, 5, 4, 37,  , 23, 31, 32, 29, 38, 23, 30, 30, 38, 30, 31, 30, 30, 23, 30, 23, 30, 37,
http://espn.go.com/golf/player/scorecards/_/id/241/year/2004/tournamentId/167/jonathan-kaye,Booz Allen Classic,6/24-06/27,Round 4,Tpc at Avenel - Potomac- MD,,2004, 1, 393, 4, 4, 30, 2, 622, 5, 6, 39, 3, 239, 3, 3, 23, 4, 435, 4, 4, 30, 5, 359, 4, 3, 29, 6, 520, 5, 4, 37, 7, 461, 4, 5, 31, 8, 453, 4, 4, 30, 9, 166, 3, 4, 24, 10, 374, 4, 3, 29, 11, 147, 3, 3, 23, 12, 472, 4, 5, 31, 13, 524, 5, 5, 38, 14, 301, 4, 7, 33, 15, 467, 4, 5, 31, 16, 415, 4, 4, 30, 17, 195, 3, 2, 22, 18, 444, 4, 4, 30,  , 30, 39, 23, 30, 29, 37, 31, 30, 24, 29, 23, 31, 38, 33, 31, 30, 22, 30,
http://espn.go.com/golf/player/scorecards/_/id/241/year/2004/tournamentId/167/jonathan-kaye,Booz Allen Classic,6/24-06/27,Round 3,Tpc at Avenel - Potomac- MD,,2004, 1, 393, 4, 5, 31, 2, 622, 5, 4, 37, 3, 239, 3, 2, 22, 4, 435, 4, 4, 30, 5, 359, 4, 3, 29, 6, 520, 5, 5, 38, 7, 461, 4, 5, 31, 8, 453, 4, 4, 30, 9, 166, 3, 3, 23, 10, 374, 4, 4, 30, 11, 147, 3, 3, 23, 12, 472, 4, 5, 31, 13, 524, 5, 6, 39, 14, 301, 4, 3, 29, 15, 467, 4, 4, 30, 16, 415, 4, 4, 30, 17, 195, 3, 3, 23, 18, 444, 4, 4, 30,  , 31, 37, 22, 30, 29, 38, 31, 30, 23, 30, 23, 31, 39, 29, 30, 30, 23, 30,
http://espn.go.com/golf/player/scorecards/_/id/241/year/2004/tournamentId/167/jonathan-kaye,Booz Allen Classic,6/24-06/27,Round 2,Tpc at Avenel - Potomac- MD,,2004, 1, 393, 4, 4, 30, 2, 622, 5, 4, 37, 3, 239, 3, 3, 23, 4, 435, 4, 4, 30, 5, 359, 4, 3, 29, 6, 520, 5, 6, 39, 7, 461, 4, 4, 30, 8, 453, 4, 4, 30, 9, 166, 3, 3, 23, 10, 374, 4, 4, 30, 11, 147, 3, 3, 23, 12, 472, 4, 5, 31, 13, 524, 5, 4, 37, 14, 301, 4, 3, 29, 15, 467, 4, 4, 30, 16, 415, 4, 4, 30, 17, 195, 3, 3, 23, 18, 444, 4, 5, 31,  , 30, 37, 23, 30, 29, 39, 30, 30, 23, 30, 23, 31, 37, 29, 30, 30, 23, 31,
http://espn.go.com/golf/player/scorecards/_/id/241/year/2004/tournamentId/167/jonathan-kaye,Booz Allen Classic,6/24-06/27,Round 1,Tpc at Avenel - Potomac- MD,,2004, 1, 393, 4, 4, 30, 2, 622, 5, 5, 38, 3, 239, 3, 3, 23, 4, 435, 4, 4, 30, 5, 359, 4, 4, 30, 6, 520, 5, 4, 37, 7, 461, 4, 4, 30, 8, 453, 4, 4, 30, 9, 166, 3, 3, 23, 10, 374, 4, 4, 30, 11, 147, 3, 3, 23, 12, 472, 4, 3, 29, 13, 524, 5, 4, 37, 14, 301, 4, 4, 30, 15, 467, 4, 4, 30, 16, 415, 4, 4, 30, 17, 195, 3, 5, 25, 18, 444, 4, 4, 30,  , 30, 38, 23, 30, 30, 37, 30, 30, 23, 30, 23, 29, 37, 30, 30, 30, 25, 30,
http://espn.go.com/golf/player/scorecards/_/id/241/year/2004/tournamentId/178/jonathan-kaye,The INTERNATIONAL,8/05-08/08,Round 2,Castle Pines - Castle Rock- CO,,2004, 1, 644, 5, , 41, 2, 408, 4, , 33, 3, 462, 4, , 33, 4, 230, 3, , 26, 5, 477, 4, , 33, 6, 417, 4, , 33, 7, 185, 3, , 26, 8, 570, 5, , 41, 9, 458, 4, , 33, 10, 485, 4, , 33, 11, 197, 3, , 26, 12, 440, 4, , 33, 13, 439, 4, , 33, 14, 623, 5, , 41, 15, 403, 4, , 33, 16, 209, 3, , 26, 17, 492, 5, , 41, 18, 480, 4, , 33,  , 41, 33, 33, 26, 33, 33, 26, 41, 33, 33, 26, 33, 33, 41, 33, 26, 41, 33,
http://espn.go.com/golf/player/scorecards/_/id/241/year/2004/tournamentId/178/jonathan-kaye,The INTERNATIONAL,8/05-08/08,Round 1,Castle Pines - Castle Rock- CO,,2004, 1, 644, 5, , 41, 2, 408, 4, , 33, 3, 462, 4, , 33, 4, 230, 3, , 26, 5, 477, 4, , 33, 6, 417, 4, , 33, 7, 185, 3, , 26, 8, 570, 5, , 41, 9, 458, 4, , 33, 10, 485, 4, , 33, 11, 197, 3, , 26, 12, 440, 4, , 33, 13, 439, 4, , 33, 14, 623, 5, , 41, 15, 403, 4, , 33, 16, 209, 3, , 26, 17, 492, 5, , 41, 18, 480, 4, , 33,  , 41, 33, 33, 26, 33, 33, 26, 41, 33, 33, 26, 33, 33, 41, 33, 26, 41, 33,
http://espn.go.com/golf/player/scorecards/_/id/241/year/2004/tournamentId/179/jonathan-kaye,WGC-NEC Invitational,8/19-08/22,Round 4 ,Montreux G&CC- Firestone CC (South Course) - Akron- OH,Firestone CC (South Course),2004, 1, 399, 4, 3, 29, 2, 526, 5, 5, 38, 3, 442, 4, 4, 30, 4, 471, 4, 4, 30, 5, 200, 3, 3, 23, 6, 469, 4, 5, 31, 7, 219, 3, 3, 23, 8, 482, 4, 6, 32, 9, 494, 4, 4, 30, 10, 410, 4, 5, 31, 11, 418, 4, 5, 31, 12, 180, 3, 3, 23, 13, 471, 4, 4, 30, 14, 467, 4, 4, 30, 15, 221, 3, 3, 23, 16, 667, 5, 5, 38, 17, 400, 4, 4, 30, 18, 464, 4, 5, 31,  , 29, 38, 30, 30, 23, 31, 23, 32, 30, 31, 31, 23, 30, 30, 23, 38, 30, 31,
http://espn.go.com/golf/player/scorecards/_/id/241/year/2004/tournamentId/179/jonathan-kaye,WGC-NEC Invitational,8/19-08/22,Round 3 ,Montreux G&CC- Firestone CC (South Course) - Akron- OH,Firestone CC (South Course),2004, 1, 399, 4, 4, 30, 2, 526, 5, 4, 37, 3, 442, 4, 4, 30, 4, 471, 4, 4, 30, 5, 200, 3, 3, 23, 6, 469, 4, 4, 30, 7, 219, 3, 4, 24, 8, 482, 4, 4, 30, 9, 494, 4, 4, 30, 10, 410, 4, 5, 31, 11, 418, 4, 4, 30, 12, 180, 3, 3, 23, 13, 471, 4, 4, 30, 14, 467, 4, 4, 30, 15, 221, 3, 3, 23, 16, 667, 5, 5, 38, 17, 400, 4, 5, 31, 18, 464, 4, 4, 30,  , 30, 37, 30, 30, 23, 30, 24, 30, 30, 31, 30, 23, 30, 30, 23, 38, 31, 30,
http://espn.go.com/golf/player/scorecards/_/id/241/year/2004/tournamentId/179/jonathan-kaye,WGC-NEC Invitational,8/19-08/22,Round 2 ,Montreux G&CC- Firestone CC (South Course) - Akron- OH,Firestone CC (South Course),2004, 1, 399, 4, 4, 30, 2, 526, 5, 4, 37, 3, 442, 4, 5, 31, 4, 471, 4, 4, 30, 5, 200, 3, 3, 23, 6, 469, 4, 4, 30, 7, 219, 3, 3, 23, 8, 482, 4, 6, 32, 9, 494, 4, 5, 31, 10, 410, 4, 6, 32, 11, 418, 4, 4, 30, 12, 180, 3, 3, 23, 13, 471, 4, 4, 30, 14, 467, 4, 4, 30, 15, 221, 3, 2, 22, 16, 667, 5, 5, 38, 17, 400, 4, 4, 30, 18, 464, 4, 5, 31,  , 30, 37, 31, 30, 23, 30, 23, 32, 31, 32, 30, 23, 30, 30, 22, 38, 30, 31,
http://espn.go.com/golf/player/scorecards/_/id/241/year/2004/tournamentId/179/jonathan-kaye,WGC-NEC Invitational,8/19-08/22,Round 1 ,Montreux G&CC- Firestone CC (South Course) - Akron- OH,Firestone CC (South Course),2004, 1, 399, 4, 5, 31, 2, 526, 5, 5, 38, 3, 442, 4, 4, 30, 4, 471, 4, 4, 30, 5, 200, 3, 3, 23, 6, 469, 4, 4, 30, 7, 219, 3, 3, 23, 8, 482, 4, 4, 30, 9, 494, 4, 4, 30, 10, 410, 4, 4, 30, 11, 418, 4, 4, 30, 12, 180, 3, 3, 23, 13, 471, 4, 5, 31, 14, 467, 4, 4, 30, 15, 221, 3, 3, 23, 16, 667, 5, 4, 37, 17, 400, 4, 4, 30, 18, 464, 4, 4, 30,  , 31, 38, 30, 30, 23, 30, 23, 30, 30, 30, 30, 23, 31, 30, 23, 37, 30, 30,
http://espn.go.com/golf/player/scorecards/_/id/241/year/2004/tournamentId/187/jonathan-kaye,84 LUMBER Classic,9/23-09/26,Round 4,Nemacolin-Mystic Rock Course - Farmington- PA,,2004, 1, 371, 4, 3, 29, 2, 469, 4, 4, 30, 3, 231, 3, 3, 23, 4, 385, 4, 3, 29, 5, 598, 5, 4, 37, 6, 410, 4, 4, 30, 7, 223, 3, 3, 23, 8, 545, 5, 4, 37, 9, 484, 4, 4, 30, 10, 438, 4, 3, 29, 11, 634, 5, 5, 38, 12, 181, 3, 3, 23, 13, 394, 4, 4, 30, 14, 465, 4, 4, 30, 15, 463, 4, 5, 31, 16, 525, 5, 5, 38, 17, 204, 3, 3, 23, 18, 468, 4, 4, 30,  , 29, 30, 23, 29, 37, 30, 23, 37, 30, 29, 38, 23, 30, 30, 31, 38, 23, 30,
http://espn.go.com/golf/player/scorecards/_/id/241/year/2004/tournamentId/187/jonathan-kaye,84 LUMBER Classic,9/23-09/26,Round 3,Nemacolin-Mystic Rock Course - Farmington- PA,,2004, 1, 371, 4, 4, 30, 2, 469, 4, 4, 30, 3, 231, 3, 3, 23, 4, 385, 4, 4, 30, 5, 598, 5, 4, 37, 6, 410, 4, 3, 29, 7, 223, 3, 2, 22, 8, 545, 5, 4, 37, 9, 484, 4, 4, 30, 10, 438, 4, 4, 30, 11, 634, 5, 5, 38, 12, 181, 3, 3, 23, 13, 394, 4, 4, 30, 14, 465, 4, 5, 31, 15, 463, 4, 4, 30, 16, 525, 5, 6, 39, 17, 204, 3, 3, 23, 18, 468, 4, 5, 31,  , 30, 30, 23, 30, 37, 29, 22, 37, 30, 30, 38, 23, 30, 31, 30, 39, 23, 31,
http://espn.go.com/golf/player/scorecards/_/id/241/year/2004/tournamentId/187/jonathan-kaye,84 LUMBER Classic,9/23-09/26,Round 2,Nemacolin-Mystic Rock Course - Farmington- PA,,2004, 1, 371, 4, 4, 30, 2, 469, 4, 4, 30, 3, 231, 3, 2, 22, 4, 385, 4, 4, 30, 5, 598, 5, 6, 39, 6, 410, 4, 4, 30, 7, 223, 3, 2, 22, 8, 545, 5, 5, 38, 9, 484, 4, 4, 30, 10, 438, 4, 4, 30, 11, 634, 5, 5, 38, 12, 181, 3, 3, 23, 13, 394, 4, 3, 29, 14, 465, 4, 4, 30, 15, 463, 4, 4, 30, 16, 525, 5, 4, 37, 17, 204, 3, 3, 23, 18, 468, 4, 4, 30,  , 30, 30, 22, 30, 39, 30, 22, 38, 30, 30, 38, 23, 29, 30, 30, 37, 23, 30,
http://espn.go.com/golf/player/scorecards/_/id/241/year/2004/tournamentId/187/jonathan-kaye,84 LUMBER Classic,9/23-09/26,Round 1,Nemacolin-Mystic Rock Course - Farmington- PA,,2004, 1, 371, 4, 4, 30, 2, 469, 4, 4, 30, 3, 231, 3, 3, 23, 4, 385, 4, 4, 30, 5, 598, 5, 5, 38, 6, 410, 4, 4, 30, 7, 223, 3, 3, 23, 8, 545, 5, 4, 37, 9, 484, 4, 5, 31, 10, 438, 4, 4, 30, 11, 634, 5, 5, 38, 12, 181, 3, 2, 22, 13, 394, 4, 4, 30, 14, 465, 4, 4, 30, 15, 463, 4, 5, 31, 16, 525, 5, 5, 38, 17, 204, 3, 4, 24, 18, 468, 4, 4, 30,  , 30, 30, 23, 30, 38, 30, 23, 37, 31, 30, 38, 22, 30, 30, 31, 38, 24, 30,
http://espn.go.com/golf/player/scorecards/_/id/241/year/2004/tournamentId/191/jonathan-kaye,WGC-American Express Championship,9/30-10/03,Round 4,Mount Juliet - Kilkenny- Ireland,,2004, 1, 364, 4, 4, 30, 2, 419, 4, 4, 30, 3, 182, 3, 3, 23, 4, 404, 4, 4, 30, 5, 540, 5, 5, 38, 6, 229, 3, 4, 24, 7, 419, 4, 4, 30, 8, 575, 5, 7, 40, 9, 426, 4, 5, 31, 10, 553, 5, 5, 38, 11, 169, 3, 3, 23, 12, 411, 4, 4, 30, 13, 433, 4, 4, 30, 14, 195, 3, 5, 25, 15, 370, 4, 5, 31, 16, 433, 4, 5, 31, 17, 516, 5, 5, 38, 18, 474, 4, 4, 30,  , 30, 30, 23, 30, 38, 24, 30, 40, 31, 38, 23, 30, 30, 25, 31, 31, 38, 30,
http://espn.go.com/golf/player/scorecards/_/id/241/year/2004/tournamentId/191/jonathan-kaye,WGC-American Express Championship,9/30-10/03,Round 3,Mount Juliet - Kilkenny- Ireland,,2004, 1, 364, 4, 3, 29, 2, 419, 4, 3, 29, 3, 182, 3, 3, 23, 4, 404, 4, 4, 30, 5, 540, 5, 5, 38, 6, 229, 3, 3, 23, 7, 419, 4, 4, 30, 8, 575, 5, 5, 38, 9, 426, 4, 4, 30, 10, 553, 5, 6, 39, 11, 169, 3, 3, 23, 12, 411, 4, 3, 29, 13, 433, 4, 5, 31, 14, 195, 3, 3, 23, 15, 370, 4, 5, 31, 16, 433, 4, 4, 30, 17, 516, 5, 5, 38, 18, 474, 4, 5, 31,  , 29, 29, 23, 30, 38, 23, 30, 38, 30, 39, 23, 29, 31, 23, 31, 30, 38, 31,
http://espn.go.com/golf/player/scorecards/_/id/241/year/2004/tournamentId/191/jonathan-kaye,WGC-American Express Championship,9/30-10/03,Round 2,Mount Juliet - Kilkenny- Ireland,,2004, 1, 364, 4, 5, 31, 2, 419, 4, 5, 31, 3, 182, 3, 3, 23, 4, 404, 4, 3, 29, 5, 540, 5, 5, 38, 6, 229, 3, 4, 24, 7, 419, 4, 4, 30, 8, 575, 5, 5, 38, 9, 426, 4, 4, 30, 10, 553, 5, 4, 37, 11, 169, 3, 2, 22, 12, 411, 4, 4, 30, 13, 433, 4, 4, 30, 14, 195, 3, 4, 24, 15, 370, 4, 4, 30, 16, 433, 4, 4, 30, 17, 516, 5, 5, 38, 18, 474, 4, 4, 30,  , 31, 31, 23, 29, 38, 24, 30, 38, 30, 37, 22, 30, 30, 24, 30, 30, 38, 30,
http://espn.go.com/golf/player/scorecards/_/id/241/year/2004/tournamentId/191/jonathan-kaye,WGC-American Express Championship,9/30-10/03,Round 1,Mount Juliet - Kilkenny- Ireland,,2004, 1, 364, 4, 4, 30, 2, 419, 4, 3, 29, 3, 182, 3, 3, 23, 4, 404, 4, 4, 30, 5, 540, 5, 5, 38, 6, 229, 3, 3, 23, 7, 419, 4, 4, 30, 8, 575, 5, 5, 38, 9, 426, 4, 4, 30, 10, 553, 5, 5, 38, 11, 169, 3, 3, 23, 12, 411, 4, 4, 30, 13, 433, 4, 4, 30, 14, 195, 3, 2, 22, 15, 370, 4, 4, 30, 16, 433, 4, 4, 30, 17, 516, 5, 4, 37, 18, 474, 4, 5, 31,  , 30, 29, 23, 30, 38, 23, 30, 38, 30, 38, 23, 30, 30, 22, 30, 30, 37, 31,
http://espn.go.com/golf/player/scorecards/_/id/241/year/2004/tournamentId/194/jonathan-kaye,Michelin Championship at Las Vegas,0/07-10/10,Round 4 ,TPC Summerlin- TPC at The Canyons- Bear's Best - Las Vegas- NV,TPC Summerlin,2004, 1, 408, 4, 4, 30, 2, 469, 4, 4, 30, 3, 492, 4, 5, 31, 4, 450, 4, 4, 30, 5, 197, 3, 3, 23, 6, 430, 4, 5, 31, 7, 382, 4, 4, 30, 8, 239, 3, 3, 23, 9, 563, 5, 4, 37, 10, 420, 4, 4, 30, 11, 448, 4, 4, 30, 12, 442, 4, 4, 30, 13, 606, 5, 4, 37, 14, 156, 3, 3, 23, 15, 341, 4, 3, 29, 16, 560, 5, 7, 40, 17, 196, 3, 3, 23, 18, 444, 4, 3, 29,  , 30, 30, 31, 30, 23, 31, 30, 23, 37, 30, 30, 30, 37, 23, 29, 40, 23, 29,
http://espn.go.com/golf/player/scorecards/_/id/241/year/2004/tournamentId/194/jonathan-kaye,Michelin Championship at Las Vegas,0/07-10/10,Round 3 ,TPC Summerlin- TPC at The Canyons- Bear's Best - Las Vegas- NV,Bear's Best,2004, 1, 408, 4, 4, 30, 2, 535, 5, 5, 38, 3, 413, 4, 4, 30, 4, 255, 3, 3, 23, 5, 438, 4, 4, 30, 6, 396, 4, 4, 30, 7, 200, 3, 4, 24, 8, 600, 5, 4, 37, 9, 453, 4, 5, 31, 10, 403, 4, 3, 29, 11, 350, 4, 4, 30, 12, 528, 5, 3, 36, 13, 153, 3, 3, 23, 14, 467, 4, 5, 31, 15, 233, 3, 3, 23, 16, 413, 4, 4, 30, 17, 532, 5, 3, 36, 18, 450, 4, 4, 30,  , 30, 38, 30, 23, 30, 30, 24, 37, 31, 29, 30, 36, 23, 31, 23, 30, 36, 30,
http://espn.go.com/golf/player/scorecards/_/id/241/year/2004/tournamentId/194/jonathan-kaye,Michelin Championship at Las Vegas,0/07-10/10,Round 2 ,TPC Summerlin- TPC at The Canyons- Bear's Best - Las Vegas- NV,TPC Summerlin,2004, 1, 408, 4, 4, 30, 2, 469, 4, 4, 30, 3, 492, 4, 5, 31, 4, 450, 4, 4, 30, 5, 197, 3, 3, 23, 6, 430, 4, 4, 30, 7, 382, 4, 4, 30, 8, 239, 3, 4, 24, 9, 563, 5, 5, 38, 10, 420, 4, 4, 30, 11, 448, 4, 4, 30, 12, 442, 4, 4, 30, 13, 606, 5, 5, 38, 14, 156, 3, 2, 22, 15, 341, 4, 4, 30, 16, 560, 5, 5, 38, 17, 196, 3, 2, 22, 18, 444, 4, 4, 30,  , 30, 30, 31, 30, 23, 30, 30, 24, 38, 30, 30, 30, 38, 22, 30, 38, 22, 30,
http://espn.go.com/golf/player/scorecards/_/id/241/year/2004/tournamentId/194/jonathan-kaye,Michelin Championship at Las Vegas,0/07-10/10,Round 1 ,TPC Summerlin- TPC at The Canyons- Bear's Best - Las Vegas- NV,TPC at The Canyons,2004, 1, 359, 4, 4, 30, 2, 196, 3, 3, 23, 3, 466, 4, 4, 30, 4, 544, 5, 5, 38, 5, 378, 4, 3, 29, 6, 604, 5, 4, 37, 7, 209, 3, 3, 23, 8, 458, 4, 4, 30, 9, 349, 4, 2, 28, 10, 419, 4, 4, 30, 11, 444, 4, 4, 30, 12, 145, 3, 3, 23, 13, 423, 4, 3, 29, 14, 365, 4, 4, 30, 15, 612, 5, 4, 37, 16, 202, 3, 3, 23, 17, 443, 4, 4, 30, 18, 447, 4, 4, 30,  , 30, 23, 30, 38, 29, 37, 23, 30, 28, 30, 30, 23, 29, 30, 37, 23, 30, 30,
http://espn.go.com/golf/player/scorecards/_/id/241/year/2004/tournamentId/188/jonathan-kaye,Chrysler Championship,0/28-10/31,Round 3,Innisbrook Resort - Copperhead - Palm Harbor- FL,,2004, 1, 560, 5, 6, 39, 2, 435, 4, 5, 31, 3, 455, 4, 4, 30, 4, 195, 3, 2, 22, 5, 605, 5, 6, 39, 6, 465, 4, 5, 31, 7, 420, 4, 5, 31, 8, 235, 3, 3, 23, 9, 430, 4, 5, 31, 10, 445, 4, 5, 31, 11, 575, 5, 5, 38, 12, 380, 4, 4, 30, 13, 200, 3, 3, 23, 14, 590, 5, 6, 39, 15, 215, 3, 5, 25, 16, 475, 4, 5, 31, 17, 215, 3, 4, 24, 18, 445, 4, 4, 30,  , 39, 31, 30, 22, 39, 31, 31, 23, 31, 31, 38, 30, 23, 39, 25, 31, 24, 30,
http://espn.go.com/golf/player/scorecards/_/id/241/year/2004/tournamentId/188/jonathan-kaye,Chrysler Championship,0/28-10/31,Round 2,Innisbrook Resort - Copperhead - Palm Harbor- FL,,2004, 1, 560, 5, 5, 38, 2, 435, 4, 5, 31, 3, 455, 4, 4, 30, 4, 195, 3, 3, 23, 5, 605, 5, 6, 39, 6, 465, 4, 4, 30, 7, 420, 4, 4, 30, 8, 235, 3, 3, 23, 9, 430, 4, 4, 30, 10, 445, 4, 4, 30, 11, 575, 5, 4, 37, 12, 380, 4, 4, 30, 13, 200, 3, 3, 23, 14, 590, 5, 6, 39, 15, 215, 3, 3, 23, 16, 475, 4, 5, 31, 17, 215, 3, 3, 23, 18, 445, 4, 4, 30,  , 38, 31, 30, 23, 39, 30, 30, 23, 30, 30, 37, 30, 23, 39, 23, 31, 23, 30,
http://espn.go.com/golf/player/scorecards/_/id/241/year/2004/tournamentId/188/jonathan-kaye,Chrysler Championship,0/28-10/31,Round 1,Innisbrook Resort - Copperhead - Palm Harbor- FL,,2004, 1, 560, 5, 4, 37, 2, 435, 4, 4, 30, 3, 455, 4, 4, 30, 4, 195, 3, 3, 23, 5, 605, 5, 5, 38, 6, 465, 4, 4, 30, 7, 420, 4, 4, 30, 8, 235, 3, 2, 22, 9, 430, 4, 4, 30, 10, 445, 4, 4, 30, 11, 575, 5, 4, 37, 12, 380, 4, 4, 30, 13, 200, 3, 3, 23, 14, 590, 5, 4, 37, 15, 215, 3, 3, 23, 16, 475, 4, 4, 30, 17, 215, 3, 1, 21, 18, 445, 4, 3, 29,  , 37, 30, 30, 23, 38, 30, 30, 22, 30, 30, 37, 30, 23, 37, 23, 30, 21, 29,
http://espn.go.com/golf/player/scorecards/_/id/241/year/2005/tournamentId/196/jonathan-kaye,Mercedes Championships,1/06-01/09,Round 4,Plantation Course at Kapalua - Kapalua- Maui- HI,,2005, 1, 520, 4, 4, 30, 2, 218, 3, 3, 23, 3, 380, 4, 3, 29, 4, 382, 4, 4, 30, 5, 532, 5, 6, 39, 6, 398, 4, 4, 30, 7, 516, 4, 4, 30, 8, 203, 3, 3, 23, 9, 521, 5, 3, 36, 10, 354, 4, 3, 29, 11, 164, 3, 3, 23, 12, 420, 4, 5, 31, 13, 407, 4, 4, 30, 14, 305, 4, 4, 30, 15, 555, 5, 5, 38, 16, 365, 4, 4, 30, 17, 549, 4, 4, 30, 18, 663, 5, 5, 38,  , 30, 23, 29, 30, 39, 30, 30, 23, 36, 29, 23, 31, 30, 30, 38, 30, 30, 38,
http://espn.go.com/golf/player/scorecards/_/id/241/year/2005/tournamentId/196/jonathan-kaye,Mercedes Championships,1/06-01/09,Round 3,Plantation Course at Kapalua - Kapalua- Maui- HI,,2005, 1, 520, 4, 4, 30, 2, 218, 3, 3, 23, 3, 380, 4, 4, 30, 4, 382, 4, 4, 30, 5, 532, 5, 5, 38, 6, 398, 4, 4, 30, 7, 516, 4, 4, 30, 8, 203, 3, 3, 23, 9, 521, 5, 4, 37, 10, 354, 4, 4, 30, 11, 164, 3, 2, 22, 12, 420, 4, 3, 29, 13, 407, 4, 3, 29, 14, 305, 4, 3, 29, 15, 555, 5, 5, 38, 16, 365, 4, 3, 29, 17, 549, 4, 4, 30, 18, 663, 5, 4, 37,  , 30, 23, 30, 30, 38, 30, 30, 23, 37, 30, 22, 29, 29, 29, 38, 29, 30, 37,
http://espn.go.com/golf/player/scorecards/_/id/241/year/2005/tournamentId/196/jonathan-kaye,Mercedes Championships,1/06-01/09,Round 2,Plantation Course at Kapalua - Kapalua- Maui- HI,,2005, 1, 520, 4, 4, 30, 2, 218, 3, 3, 23, 3, 380, 4, 3, 29, 4, 382, 4, 4, 30, 5, 532, 5, 4, 37, 6, 398, 4, 4, 30, 7, 516, 4, 3, 29, 8, 203, 3, 4, 24, 9, 521, 5, 4, 37, 10, 354, 4, 3, 29, 11, 164, 3, 2, 22, 12, 420, 4, 3, 29, 13, 407, 4, 5, 31, 14, 305, 4, 3, 29, 15, 555, 5, 5, 38, 16, 365, 4, 4, 30, 17, 549, 4, 4, 30, 18, 663, 5, 5, 38,  , 30, 23, 29, 30, 37, 30, 29, 24, 37, 29, 22, 29, 31, 29, 38, 30, 30, 38,
http://espn.go.com/golf/player/scorecards/_/id/241/year/2005/tournamentId/196/jonathan-kaye,Mercedes Championships,1/06-01/09,Round 1,Plantation Course at Kapalua - Kapalua- Maui- HI,,2005, 1, 520, 4, 4, 30, 2, 218, 3, 3, 23, 3, 380, 4, 4, 30, 4, 382, 4, 4, 30, 5, 532, 5, 5, 38, 6, 398, 4, 4, 30, 7, 516, 4, 4, 30, 8, 203, 3, 2, 22, 9, 521, 5, 4, 37, 10, 354, 4, 3, 29, 11, 164, 3, 3, 23, 12, 420, 4, 4, 30, 13, 407, 4, 3, 29, 14, 305, 4, 4, 30, 15, 555, 5, 4, 37, 16, 365, 4, 5, 31, 17, 549, 4, 3, 29, 18, 663, 5, 5, 38,  , 30, 23, 30, 30, 38, 30, 30, 22, 37, 29, 23, 30, 29, 30, 37, 31, 29, 38,
http://espn.go.com/golf/player/scorecards/_/id/241/year/2005/tournamentId/202/jonathan-kaye,Sony Open in Hawaii,1/13-01/16,Round 4,Waialae CC - Honolulu- HI,,2005, 1, 480, 4, 4, 30, 2, 423, 4, 4, 30, 3, 422, 4, 4, 30, 4, 204, 3, 2, 22, 5, 467, 4, 4, 30, 6, 460, 4, 5, 31, 7, 176, 3, 3, 23, 8, 454, 4, 4, 30, 9, 506, 5, 4, 37, 10, 351, 4, 3, 29, 11, 194, 3, 4, 24, 12, 440, 4, 4, 30, 13, 477, 4, 4, 30, 14, 430, 4, 4, 30, 15, 398, 4, 3, 29, 16, 417, 4, 5, 31, 17, 194, 3, 3, 23, 18, 551, 5, 4, 37,  , 30, 30, 30, 22, 30, 31, 23, 30, 37, 29, 24, 30, 30, 30, 29, 31, 23, 37,
http://espn.go.com/golf/player/scorecards/_/id/241/year/2005/tournamentId/202/jonathan-kaye,Sony Open in Hawaii,1/13-01/16,Round 3,Waialae CC - Honolulu- HI,,2005, 1, 480, 4, 5, 31, 2, 423, 4, 4, 30, 3, 422, 4, 4, 30, 4, 204, 3, 3, 23, 5, 467, 4, 5, 31, 6, 460, 4, 4, 30, 7, 176, 3, 3, 23, 8, 454, 4, 4, 30, 9, 506, 5, 4, 37, 10, 351, 4, 4, 30, 11, 194, 3, 3, 23, 12, 440, 4, 4, 30, 13, 477, 4, 4, 30, 14, 430, 4, 4, 30, 15, 398, 4, 4, 30, 16, 417, 4, 4, 30, 17, 194, 3, 3, 23, 18, 551, 5, 5, 38,  , 31, 30, 30, 23, 31, 30, 23, 30, 37, 30, 23, 30, 30, 30, 30, 30, 23, 38,
http://espn.go.com/golf/player/scorecards/_/id/241/year/2005/tournamentId/202/jonathan-kaye,Sony Open in Hawaii,1/13-01/16,Round 2,Waialae CC - Honolulu- HI,,2005, 1, 480, 4, 4, 30, 2, 423, 4, 3, 29, 3, 422, 4, 5, 31, 4, 204, 3, 2, 22, 5, 467, 4, 5, 31, 6, 460, 4, 5, 31, 7, 176, 3, 3, 23, 8, 454, 4, 4, 30, 9, 506, 5, 6, 39, 10, 351, 4, 4, 30, 11, 194, 3, 3, 23, 12, 440, 4, 3, 29, 13, 477, 4, 4, 30, 14, 430, 4, 4, 30, 15, 398, 4, 4, 30, 16, 417, 4, 4, 30, 17, 194, 3, 3, 23, 18, 551, 5, 5, 38,  , 30, 29, 31, 22, 31, 31, 23, 30, 39, 30, 23, 29, 30, 30, 30, 30, 23, 38,
http://espn.go.com/golf/player/scorecards/_/id/241/year/2005/tournamentId/202/jonathan-kaye,Sony Open in Hawaii,1/13-01/16,Round 1,Waialae CC - Honolulu- HI,,2005, 1, 480, 4, 4, 30, 2, 423, 4, 4, 30, 3, 422, 4, 4, 30, 4, 204, 3, 3, 23, 5, 467, 4, 4, 30, 6, 460, 4, 4, 30, 7, 176, 3, 3, 23, 8, 454, 4, 4, 30, 9, 506, 5, 4, 37, 10, 351, 4, 4, 30, 11, 194, 3, 3, 23, 12, 440, 4, 4, 30, 13, 477, 4, 4, 30, 14, 430, 4, 4, 30, 15, 398, 4, 4, 30, 16, 417, 4, 4, 30, 17, 194, 3, 2, 22, 18, 551, 5, 4, 37,  , 30, 30, 30, 23, 30, 30, 23, 30, 37, 30, 23, 30, 30, 30, 30, 30, 22, 37,
http://espn.go.com/golf/player/scorecards/_/id/241/year/2005/tournamentId/198/jonathan-kaye,Bob Hope Chrysler Classic,1/26-01/30,Round 4 ,PGA West (Palmer Course)- Bermuda Dunes CC- Indian Wells Celebrity Course- La Quinta CC- Tamarisk - Bermuda Dunes- CA,Tamarisk,2005, 1, 482, 5, 3, 36, 2, 171, 3, 3, 23, 3, 443, 4, 5, 31, 4, 509, 5, 4, 37, 5, 199, 3, 2, 22, 6, 375, 4, 5, 31, 7, 331, 4, 4, 30, 8, 393, 4, 4, 30, 9, 439, 4, 4, 30, 10, 407, 4, 3, 29, 11, 191, 3, 3, 23, 12, 550, 5, 5, 38, 13, 417, 4, 5, 31, 14, 225, 3, 2, 22, 15, 423, 4, 5, 31, 16, 404, 4, 4, 30, 17, 395, 4, 3, 29, 18, 527, 5, 5, 38,  , 36, 23, 31, 37, 22, 31, 30, 30, 30, 29, 23, 38, 31, 22, 31, 30, 29, 38,
http://espn.go.com/golf/player/scorecards/_/id/241/year/2005/tournamentId/198/jonathan-kaye,Bob Hope Chrysler Classic,1/26-01/30,Round 3 ,PGA West (Palmer Course)- Bermuda Dunes CC- Indian Wells Celebrity Course- La Quinta CC- Tamarisk - Bermuda Dunes- CA,Bermuda Dunes CC,2005, 1, 541, 5, 4, 37, 2, 427, 4, 4, 30, 3, 395, 4, 4, 30, 4, 228, 3, 4, 24, 5, 435, 4, 4, 30, 6, 371, 4, 4, 30, 7, 176, 3, 3, 23, 8, 540, 5, 5, 38, 9, 390, 4, 4, 30, 10, 414, 4, 3, 29, 11, 402, 4, 4, 30, 12, 160, 3, 3, 23, 13, 564, 5, 4, 37, 14, 390, 4, 3, 29, 15, 404, 4, 4, 30, 16, 451, 4, 4, 30, 17, 215, 3, 3, 23, 18, 514, 5, 4, 37,  , 37, 30, 30, 24, 30, 30, 23, 38, 30, 29, 30, 23, 37, 29, 30, 30, 23, 37,
http://espn.go.com/golf/player/scorecards/_/id/241/year/2005/tournamentId/198/jonathan-kaye,Bob Hope Chrysler Classic,1/26-01/30,Round 2 ,PGA West (Palmer Course)- Bermuda Dunes CC- Indian Wells Celebrity Course- La Quinta CC- Tamarisk - Bermuda Dunes- CA,PGA West (Palmer Course),2005, 1, 426, 4, 5, 31, 2, 514, 5, 4, 37, 3, 180, 3, 3, 23, 4, 396, 4, 3, 29, 5, 233, 3, 3, 23, 6, 562, 5, 5, 38, 7, 439, 4, 5, 31, 8, 358, 4, 4, 30, 9, 461, 4, 4, 30, 10, 453, 4, 4, 30, 11, 512, 5, 3, 36, 12, 207, 3, 3, 23, 13, 447, 4, 4, 30, 14, 569, 5, 5, 38, 15, 156, 3, 4, 24, 16, 364, 4, 3, 29, 17, 130, 3, 4, 24, 18, 543, 5, 4, 37,  , 31, 37, 23, 29, 23, 38, 31, 30, 30, 30, 36, 23, 30, 38, 24, 29, 24, 37,
http://espn.go.com/golf/player/scorecards/_/id/241/year/2005/tournamentId/198/jonathan-kaye,Bob Hope Chrysler Classic,1/26-01/30,Round 1 ,PGA West (Palmer Course)- Bermuda Dunes CC- Indian Wells Celebrity Course- La Quinta CC- Tamarisk - Bermuda Dunes- CA,La Quinta CC,2005, 1, 382, 4, 4, 30, 2, 434, 4, 4, 30, 3, 202, 3, 3, 23, 4, 384, 4, 4, 30, 5, 516, 5, 5, 38, 6, 527, 5, 5, 38, 7, 168, 3, 3, 23, 8, 389, 4, 4, 30, 9, 399, 4, 4, 30, 10, 405, 4, 4, 30, 11, 543, 5, 5, 38, 12, 202, 3, 3, 23, 13, 547, 5, 4, 37, 14, 469, 4, 4, 30, 15, 206, 3, 3, 23, 16, 454, 4, 4, 30, 17, 421, 4, 4, 30, 18, 412, 4, 4, 30,  , 30, 30, 23, 30, 38, 38, 23, 30, 30, 30, 38, 23, 37, 30, 23, 30, 30, 30,
http://espn.go.com/golf/player/scorecards/_/id/241/year/2005/tournamentId/199/jonathan-kaye,FBR Open,2/03-02/06,Round 4,TPC Scottsdale - Scottsdale- AZ,,2005, 1, 410, 4, 4, 30, 2, 416, 4, 4, 30, 3, 554, 5, 5, 38, 4, 175, 3, 3, 23, 5, 453, 4, 4, 30, 6, 436, 4, 4, 30, 7, 215, 3, 3, 23, 8, 470, 4, 4, 30, 9, 464, 4, 4, 30, 10, 403, 4, 3, 29, 11, 469, 4, 6, 32, 12, 195, 3, 3, 23, 13, 595, 5, 5, 38, 14, 477, 4, 4, 30, 15, 552, 5, 4, 37, 16, 162, 3, 3, 23, 17, 332, 4, 4, 30, 18, 438, 4, 4, 30,  , 30, 30, 38, 23, 30, 30, 23, 30, 30, 29, 32, 23, 38, 30, 37, 23, 30, 30,
URL,Tournament,Date,Round,Courses,Specific Course,Year,Hole,Yards,Par,Score,ShotType,Hole,Yards,Par,Score,ShotType,Hole,Yards,Par,Score,ShotType,Hole,Yards,Par,Score,ShotType,Hole,Yards,Par,Score,ShotType,Hole,Yards,Par,Score,ShotType,Hole,Yards,Par,Score,ShotType,Hole,Yards,Par,Score,ShotType,Hole,Yards,Par,Score,ShotType,Hole,Yards,Par,Score,ShotType,Hole,Yards,Par,Score,ShotType,Hole,Yards,Par,Score,ShotType,Hole,Yards,Par,Score,ShotType,Hole,Yards,Par,Score,ShotType,Hole,Yards,Par,Score,ShotType,Hole,Yards,Par,Score,ShotType,Hole,Yards,Par,Score,ShotType,Hole,Yards,Par,Score,ShotType, ,ShotType,ShotType,ShotType,ShotType,ShotType,ShotType,ShotType,ShotType,ShotType,ShotType,ShotType,ShotType,ShotType,ShotType,ShotType,ShotType,ShotType,ShotType,
http://espn.go.com/golf/player/scorecards/_/id/241/year/2005/tournamentId/199/jonathan-kaye,FBR Open,2/03-02/06,Round 3,TPC Scottsdale - Scottsdale- AZ,,2005, 1, 410, 4, 4, 30, 2, 416, 4, 4, 30, 3, 554, 5, 4, 37, 4, 175, 3, 5, 25, 5, 453, 4, 4, 30, 6, 436, 4, 4, 30, 7, 215, 3, 3, 23, 8, 470, 4, 4, 30, 9, 464, 4, 4, 30, 10, 403, 4, 4, 30, 11, 469, 4, 4, 30, 12, 195, 3, 3, 23, 13, 595, 5, 4, 37, 14, 477, 4, 3, 29, 15, 552, 5, 4, 37, 16, 162, 3, 4, 24, 17, 332, 4, 4, 30, 18, 438, 4, 4, 30,  , 30, 30, 37, 25, 30, 30, 23, 30, 30, 30, 30, 23, 37, 29, 37, 24, 30, 30,
http://espn.go.com/golf/player/scorecards/_/id/241/year/2005/tournamentId/199/jonathan-kaye,FBR Open,2/03-02/06,Round 2,TPC Scottsdale - Scottsdale- AZ,,2005, 1, 410, 4, 4, 30, 2, 416, 4, 5, 31, 3, 554, 5, 5, 38, 4, 175, 3, 3, 23, 5, 453, 4, 4, 30, 6, 436, 4, 3, 29, 7, 215, 3, 3, 23, 8, 470, 4, 5, 31, 9, 464, 4, 4, 30, 10, 403, 4, 4, 30, 11, 469, 4, 4, 30, 12, 195, 3, 2, 22, 13, 595, 5, 5, 38, 14, 477, 4, 5, 31, 15, 552, 5, 4, 37, 16, 162, 3, 2, 22, 17, 332, 4, 3, 29, 18, 438, 4, 4, 30,  , 30, 31, 38, 23, 30, 29, 23, 31, 30, 30, 30, 22, 38, 31, 37, 22, 29, 30,
http://espn.go.com/golf/player/scorecards/_/id/241/year/2005/tournamentId/199/jonathan-kaye,FBR Open,2/03-02/06,Round 1,TPC Scottsdale - Scottsdale- AZ,,2005, 1, 410, 4, 4, 30, 2, 416, 4, 4, 30, 3, 554, 5, 5, 38, 4, 175, 3, 3, 23, 5, 453, 4, 4, 30, 6, 436, 4, 5, 31, 7, 215, 3, 2, 22, 8, 470, 4, 6, 32, 9, 464, 4, 5, 31, 10, 403, 4, 3, 29, 11, 469, 4, 3, 29, 12, 195, 3, 3, 23, 13, 595, 5, 4, 37, 14, 477, 4, 5, 31, 15, 552, 5, 5, 38, 16, 162, 3, 4, 24, 17, 332, 4, 4, 30, 18, 438, 4, 4, 30,  , 30, 30, 38, 23, 30, 31, 22, 32, 31, 29, 29, 23, 37, 31, 38, 24, 30, 30,
http://espn.go.com/golf/player/scorecards/_/id/241/year/2005/tournamentId/203/jonathan-kaye,Nissan Open,2/17-02/20,Round 1,Riviera CC - Pacific Palisades- CA,,2005, 1, 503, 5, 4, 37, 2, 471, 4, 5, 31, 3, 434, 4, 4, 30, 4, 236, 3, 4, 24, 5, 434, 4, 4, 30, 6, 199, 3, 3, 23, 7, 408, 4, 4, 30, 8, 460, 4, 5, 31, 9, 458, 4, 4, 30, 10, 315, 4, 3, 29, 11, 583, 5, 5, 38, 12, 479, 4, 3, 29, 13, 459, 4, 4, 30, 14, 192, 3, 4, 24, 15, 487, 4, 6, 32, 16, 166, 3, 4, 24, 17, 590, 5, 5, 38, 18, 475, 4, 5, 31,  , 37, 31, 30, 24, 30, 23, 30, 31, 30, 29, 38, 29, 30, 24, 32, 24, 38, 31,
http://espn.go.com/golf/player/scorecards/_/id/241/year/2005/tournamentId/206/jonathan-kaye,Bay Hill Invitational Presented by MasterCard,3/17-03/20,Round 4,Bay Hill Club & Lodge - Orlando- FL,,2005, 1, 461, 4, 3, 29, 2, 231, 3, 3, 23, 3, 434, 4, 4, 30, 4, 561, 5, 5, 38, 5, 390, 4, 5, 31, 6, 555, 5, 5, 38, 7, 199, 3, 4, 24, 8, 460, 4, 4, 30, 9, 474, 4, 4, 30, 10, 400, 4, 5, 31, 11, 438, 4, 4, 30, 12, 574, 5, 5, 38, 13, 370, 4, 4, 30, 14, 215, 3, 3, 23, 15, 467, 4, 3, 29, 16, 511, 5, 5, 38, 17, 221, 3, 3, 23, 18, 458, 4, 3, 29,  , 29, 23, 30, 38, 31, 38, 24, 30, 30, 31, 30, 38, 30, 23, 29, 38, 23, 29,
http://espn.go.com/golf/player/scorecards/_/id/241/year/2005/tournamentId/206/jonathan-kaye,Bay Hill Invitational Presented by MasterCard,3/17-03/20,Round 3,Bay Hill Club & Lodge - Orlando- FL,,2005, 1, 461, 4, 4, 30, 2, 231, 3, 2, 22, 3, 434, 4, 3, 29, 4, 561, 5, 4, 37, 5, 390, 4, 4, 30, 6, 555, 5, 5, 38, 7, 199, 3, 3, 23, 8, 460, 4, 4, 30, 9, 474, 4, 4, 30, 10, 400, 4, 4, 30, 11, 438, 4, 3, 29, 12, 574, 5, 5, 38, 13, 370, 4, 3, 29, 14, 215, 3, 4, 24, 15, 467, 4, 4, 30, 16, 511, 5, 5, 38, 17, 221, 3, 4, 24, 18, 458, 4, 3, 29,  , 30, 22, 29, 37, 30, 38, 23, 30, 30, 30, 29, 38, 29, 24, 30, 38, 24, 29,
http://espn.go.com/golf/player/scorecards/_/id/241/year/2005/tournamentId/206/jonathan-kaye,Bay Hill Invitational Presented by MasterCard,3/17-03/20,Round 2,Bay Hill Club & Lodge - Orlando- FL,,2005, 1, 461, 4, 5, 31, 2, 231, 3, 2, 22, 3, 434, 4, 3, 29, 4, 561, 5, 5, 38, 5, 390, 4, 4, 30, 6, 555, 5, 4, 37, 7, 199, 3, 3, 23, 8, 460, 4, 4, 30, 9, 474, 4, 4, 30, 10, 400, 4, 3, 29, 11, 438, 4, 3, 29, 12, 574, 5, 5, 38, 13, 370, 4, 3, 29, 14, 215, 3, 3, 23, 15, 467, 4, 5, 31, 16, 511, 5, 5, 38, 17, 221, 3, 4, 24, 18, 458, 4, 6, 32,  , 31, 22, 29, 38, 30, 37, 23, 30, 30, 29, 29, 38, 29, 23, 31, 38, 24, 32,
http://espn.go.com/golf/player/scorecards/_/id/241/year/2005/tournamentId/206/jonathan-kaye,Bay Hill Invitational Presented by MasterCard,3/17-03/20,Round 1,Bay Hill Club & Lodge - Orlando- FL,,2005, 1, 461, 4, 4, 30, 2, 231, 3, 3, 23, 3, 434, 4, 5, 31, 4, 561, 5, 5, 38, 5, 390, 4, 5, 31, 6, 555, 5, 5, 38, 7, 199, 3, 2, 22, 8, 460, 4, 5, 31, 9, 474, 4, 5, 31, 10, 400, 4, 4, 30, 11, 438, 4, 4, 30, 12, 574, 5, 5, 38, 13, 370, 4, 4, 30, 14, 215, 3, 4, 24, 15, 467, 4, 5, 31, 16, 511, 5, 5, 38, 17, 221, 3, 3, 23, 18, 458, 4, 4, 30,  , 30, 23, 31, 38, 31, 38, 22, 31, 31, 30, 30, 38, 30, 24, 31, 38, 23, 30,
http://espn.go.com/golf/player/scorecards/_/id/241/year/2005/tournamentId/208/jonathan-kaye,THE PLAYERS Championship,3/24-03/27,Round 4,TPC Sawgrass - Ponte Vedra Beach- FL,,2005, 1, 423, 4, 4, 30, 2, 532, 5, 5, 38, 3, 177, 3, 4, 24, 4, 384, 4, 4, 30, 5, 471, 4, 4, 30, 6, 393, 4, 3, 29, 7, 442, 4, 4, 30, 8, 237, 3, 3, 23, 9, 583, 5, 5, 38, 10, 424, 4, 3, 29, 11, 558, 5, 5, 38, 12, 358, 4, 4, 30, 13, 181, 3, 5, 25, 14, 481, 4, 5, 31, 15, 449, 4, 4, 30, 16, 523, 5, 5, 38, 17, 137, 3, 3, 23, 18, 462, 4, 5, 31,  , 30, 38, 24, 30, 30, 29, 30, 23, 38, 29, 38, 30, 25, 31, 30, 38, 23, 31,
http://espn.go.com/golf/player/scorecards/_/id/241/year/2005/tournamentId/208/jonathan-kaye,THE PLAYERS Championship,3/24-03/27,Round 3,TPC Sawgrass - Ponte Vedra Beach- FL,,2005, 1, 423, 4, 4, 30, 2, 532, 5, 5, 38, 3, 177, 3, 4, 24, 4, 384, 4, 5, 31, 5, 471, 4, 5, 31, 6, 393, 4, 4, 30, 7, 442, 4, 4, 30, 8, 237, 3, 2, 22, 9, 583, 5, 5, 38, 10, 424, 4, 4, 30, 11, 558, 5, 4, 37, 12, 358, 4, 4, 30, 13, 181, 3, 3, 23, 14, 481, 4, 5, 31, 15, 449, 4, 5, 31, 16, 523, 5, 5, 38, 17, 137, 3, 3, 23, 18, 462, 4, 6, 32,  , 30, 38, 24, 31, 31, 30, 30, 22, 38, 30, 37, 30, 23, 31, 31, 38, 23, 32,
http://espn.go.com/golf/player/scorecards/_/id/241/year/2005/tournamentId/208/jonathan-kaye,THE PLAYERS Championship,3/24-03/27,Round 2,TPC Sawgrass - Ponte Vedra Beach- FL,,2005, 1, 423, 4, 4, 30, 2, 532, 5, 7, 40, 3, 177, 3, 2, 22, 4, 384, 4, 4, 30, 5, 471, 4, 4, 30, 6, 393, 4, 3, 29, 7, 442, 4, 3, 29, 8, 237, 3, 3, 23, 9, 583, 5, 5, 38, 10, 424, 4, 4, 30, 11, 558, 5, 4, 37, 12, 358, 4, 4, 30, 13, 181, 3, 3, 23, 14, 481, 4, 4, 30, 15, 449, 4, 4, 30, 16, 523, 5, 4, 37, 17, 137, 3, 3, 23, 18, 462, 4, 4, 30,  , 30, 40, 22, 30, 30, 29, 29, 23, 38, 30, 37, 30, 23, 30, 30, 37, 23, 30,
http://espn.go.com/golf/player/scorecards/_/id/241/year/2005/tournamentId/208/jonathan-kaye,THE PLAYERS Championship,3/24-03/27,Round 1,TPC Sawgrass - Ponte Vedra Beach- FL,,2005, 1, 423, 4, 4, 30, 2, 532, 5, 4, 37, 3, 177, 3, 3, 23, 4, 384, 4, 4, 30, 5, 471, 4, 5, 31, 6, 393, 4, 4, 30, 7, 442, 4, 6, 32, 8, 237, 3, 3, 23, 9, 583, 5, 5, 38, 10, 424, 4, 3, 29, 11, 558, 5, 5, 38, 12, 358, 4, 3, 29, 13, 181, 3, 4, 24, 14, 481, 4, 3, 29, 15, 449, 4, 5, 31, 16, 523, 5, 5, 38, 17, 137, 3, 2, 22, 18, 462, 4, 4, 30,  , 30, 37, 23, 30, 31, 30, 32, 23, 38, 29, 38, 29, 24, 29, 31, 38, 22, 30,
http://espn.go.com/golf/player/scorecards/_/id/241/year/2005/tournamentId/210/jonathan-kaye,Masters Tournament,4/07-04/10,Round 4,Augusta National GC - Augusta- GA,,2005, 1, 445, 4, 4, 30, 2, 575, 5, 4, 37, 3, 350, 4, 4, 30, 4, 240, 3, 3, 23, 5, 455, 4, 4, 30, 6, 180, 3, 4, 24, 7, 450, 4, 4, 30, 8, 570, 5, 5, 38, 9, 460, 4, 4, 30, 10, 495, 4, 5, 31, 11, 505, 4, 4, 30, 12, 155, 3, 3, 23, 13, 510, 5, 5, 38, 14, 440, 4, 4, 30, 15, 530, 5, 5, 38, 16, 170, 3, 4, 24, 17, 440, 4, 4, 30, 18, 465, 4, 4, 30,  , 30, 37, 30, 23, 30, 24, 30, 38, 30, 31, 30, 23, 38, 30, 38, 24, 30, 30,
http://espn.go.com/golf/player/scorecards/_/id/241/year/2005/tournamentId/210/jonathan-kaye,Masters Tournament,4/07-04/10,Round 3,Augusta National GC - Augusta- GA,,2005, 1, 445, 4, 4, 30, 2, 575, 5, 5, 38, 3, 350, 4, 4, 30, 4, 240, 3, 5, 25, 5, 455, 4, 4, 30, 6, 180, 3, 5, 25, 7, 450, 4, 5, 31, 8, 570, 5, 4, 37, 9, 460, 4, 4, 30, 10, 495, 4, 4, 30, 11, 505, 4, 4, 30, 12, 155, 3, 3, 23, 13, 510, 5, 5, 38, 14, 440, 4, 3, 29, 15, 530, 5, 4, 37, 16, 170, 3, 3, 23, 17, 440, 4, 5, 31, 18, 465, 4, 5, 31,  , 30, 38, 30, 25, 30, 25, 31, 37, 30, 30, 30, 23, 38, 29, 37, 23, 31, 31,
http://espn.go.com/golf/player/scorecards/_/id/241/year/2005/tournamentId/210/jonathan-kaye,Masters Tournament,4/07-04/10,Round 2,Augusta National GC - Augusta- GA,,2005, 1, 445, 4, 5, 31, 2, 575, 5, 4, 37, 3, 350, 4, 4, 30, 4, 240, 3, 3, 23, 5, 455, 4, 4, 30, 6, 180, 3, 4, 24, 7, 450, 4, 4, 30, 8, 570, 5, 5, 38, 9, 460, 4, 4, 30, 10, 495, 4, 4, 30, 11, 505, 4, 4, 30, 12, 155, 3, 4, 24, 13, 510, 5, 5, 38, 14, 440, 4, 4, 30, 15, 530, 5, 5, 38, 16, 170, 3, 3, 23, 17, 440, 4, 4, 30, 18, 465, 4, 4, 30,  , 31, 37, 30, 23, 30, 24, 30, 38, 30, 30, 30, 24, 38, 30, 38, 23, 30, 30,
http://espn.go.com/golf/player/scorecards/_/id/241/year/2005/tournamentId/210/jonathan-kaye,Masters Tournament,4/07-04/10,Round 1,Augusta National GC - Augusta- GA,,2005, 1, 445, 4, 4, 30, 2, 575, 5, 4, 37, 3, 350, 4, 4, 30, 4, 240, 3, 3, 23, 5, 455, 4, 5, 31, 6, 180, 3, 3, 23, 7, 450, 4, 4, 30, 8, 570, 5, 5, 38, 9, 460, 4, 3, 29, 10, 495, 4, 4, 30, 11, 505, 4, 4, 30, 12, 155, 3, 3, 23, 13, 510, 5, 5, 38, 14, 440, 4, 4, 30, 15, 530, 5, 5, 38, 16, 170, 3, 4, 24, 17, 440, 4, 4, 30, 18, 465, 4, 4, 30,  , 30, 37, 30, 23, 31, 23, 30, 38, 29, 30, 30, 23, 38, 30, 38, 24, 30, 30,
http://espn.go.com/golf/player/scorecards/_/id/241/year/2005/tournamentId/211/jonathan-kaye,MCI Heritage,4/14-04/17,Round 4,Harbour Town Golf Links - Hilton Head- SC,,2005, 1, 410, 4, 5, 31, 2, 502, 5, 4, 37, 3, 469, 4, 5, 31, 4, 200, 3, 2, 22, 5, 540, 5, 5, 38, 6, 419, 4, 4, 30, 7, 195, 3, 3, 23, 8, 473, 4, 4, 30, 9, 332, 4, 4, 30, 10, 451, 4, 4, 30, 11, 436, 4, 5, 31, 12, 430, 4, 4, 30, 13, 373, 4, 3, 29, 14, 192, 3, 4, 24, 15, 588, 5, 4, 37, 16, 434, 4, 4, 30, 17, 185, 3, 3, 23, 18, 472, 4, 3, 29,  , 31, 37, 31, 22, 38, 30, 23, 30, 30, 30, 31, 30, 29, 24, 37, 30, 23, 29,
http://espn.go.com/golf/player/scorecards/_/id/241/year/2005/tournamentId/211/jonathan-kaye,MCI Heritage,4/14-04/17,Round 3,Harbour Town Golf Links - Hilton Head- SC,,2005, 1, 410, 4, 4, 30, 2, 502, 5, 6, 39, 3, 469, 4, 5, 31, 4, 200, 3, 4, 24, 5, 540, 5, 4, 37, 6, 419, 4, 4, 30, 7, 195, 3, 3, 23, 8, 473, 4, 4, 30, 9, 332, 4, 5, 31, 10, 451, 4, 4, 30, 11, 436, 4, 4, 30, 12, 430, 4, 3, 29, 13, 373, 4, 4, 30, 14, 192, 3, 3, 23, 15, 588, 5, 7, 40, 16, 434, 4, 4, 30, 17, 185, 3, 2, 22, 18, 472, 4, 4, 30,  , 30, 39, 31, 24, 37, 30, 23, 30, 31, 30, 30, 29, 30, 23, 40, 30, 22, 30,
http://espn.go.com/golf/player/scorecards/_/id/241/year/2005/tournamentId/211/jonathan-kaye,MCI Heritage,4/14-04/17,Round 2,Harbour Town Golf Links - Hilton Head- SC,,2005, 1, 410, 4, 4, 30, 2, 502, 5, 4, 37, 3, 469, 4, 4, 30, 4, 200, 3, 3, 23, 5, 540, 5, 5, 38, 6, 419, 4, 3, 29, 7, 195, 3, 3, 23, 8, 473, 4, 6, 32, 9, 332, 4, 4, 30, 10, 451, 4, 5, 31, 11, 436, 4, 5, 31, 12, 430, 4, 4, 30, 13, 373, 4, 4, 30, 14, 192, 3, 3, 23, 15, 588, 5, 5, 38, 16, 434, 4, 4, 30, 17, 185, 3, 4, 24, 18, 472, 4, 4, 30,  , 30, 37, 30, 23, 38, 29, 23, 32, 30, 31, 31, 30, 30, 23, 38, 30, 24, 30,
http://espn.go.com/golf/player/scorecards/_/id/241/year/2005/tournamentId/211/jonathan-kaye,MCI Heritage,4/14-04/17,Round 1,Harbour Town Golf Links - Hilton Head- SC,,2005, 1, 410, 4, 4, 30, 2, 502, 5, 5, 38, 3, 469, 4, 4, 30, 4, 200, 3, 3, 23, 5, 540, 5, 5, 38, 6, 419, 4, 4, 30, 7, 195, 3, 3, 23, 8, 473, 4, 4, 30, 9, 332, 4, 4, 30, 10, 451, 4, 4, 30, 11, 436, 4, 5, 31, 12, 430, 4, 4, 30, 13, 373, 4, 3, 29, 14, 192, 3, 3, 23, 15, 588, 5, 6, 39, 16, 434, 4, 3, 29, 17, 185, 3, 2, 22, 18, 472, 4, 4, 30,  , 30, 38, 30, 23, 38, 30, 23, 30, 30, 30, 31, 30, 29, 23, 39, 29, 22, 30,
http://espn.go.com/golf/player/scorecards/_/id/241/year/2005/tournamentId/207/jonathan-kaye,Zurich Classic of New Orleans,4/28-05/01,Round 4,TPC Louisiana - Avondale- LA,,2005, 1, 399, 4, 3, 29, 2, 548, 5, 3, 36, 3, 221, 3, 3, 23, 4, 482, 4, 4, 30, 5, 438, 4, 4, 30, 6, 476, 4, 4, 30, 7, 561, 5, 4, 37, 8, 372, 4, 4, 30, 9, 207, 3, 2, 22, 10, 390, 4, 4, 30, 11, 575, 5, 5, 38, 12, 492, 4, 4, 30, 13, 403, 4, 4, 30, 14, 216, 3, 3, 23, 15, 490, 4, 4, 30, 16, 355, 4, 4, 30, 17, 215, 3, 3, 23, 18, 585, 5, 6, 39,  , 29, 36, 23, 30, 30, 30, 37, 30, 22, 30, 38, 30, 30, 23, 30, 30, 23, 39,
http://espn.go.com/golf/player/scorecards/_/id/241/year/2005/tournamentId/207/jonathan-kaye,Zurich Classic of New Orleans,4/28-05/01,Round 3,TPC Louisiana - Avondale- LA,,2005, 1, 399, 4, 5, 31, 2, 548, 5, 4, 37, 3, 221, 3, 5, 25, 4, 482, 4, 4, 30, 5, 438, 4, 4, 30, 6, 476, 4, 5, 31, 7, 561, 5, 6, 39, 8, 372, 4, 4, 30, 9, 207, 3, 2, 22, 10, 390, 4, 4, 30, 11, 575, 5, 5, 38, 12, 492, 4, 4, 30, 13, 403, 4, 3, 29, 14, 216, 3, 3, 23, 15, 490, 4, 4, 30, 16, 355, 4, 4, 30, 17, 215, 3, 3, 23, 18, 585, 5, 4, 37,  , 31, 37, 25, 30, 30, 31, 39, 30, 22, 30, 38, 30, 29, 23, 30, 30, 23, 37,
http://espn.go.com/golf/player/scorecards/_/id/241/year/2005/tournamentId/207/jonathan-kaye,Zurich Classic of New Orleans,4/28-05/01,Round 2,TPC Louisiana - Avondale- LA,,2005, 1, 399, 4, 4, 30, 2, 548, 5, 5, 38, 3, 221, 3, 3, 23, 4, 482, 4, 4, 30, 5, 438, 4, 4, 30, 6, 476, 4, 3, 29, 7, 561, 5, 4, 37, 8, 372, 4, 4, 30, 9, 207, 3, 4, 24, 10, 390, 4, 5, 31, 11, 575, 5, 4, 37, 12, 492, 4, 5, 31, 13, 403, 4, 4, 30, 14, 216, 3, 4, 24, 15, 490, 4, 5, 31, 16, 355, 4, 4, 30, 17, 215, 3, 3, 23, 18, 585, 5, 5, 38,  , 30, 38, 23, 30, 30, 29, 37, 30, 24, 31, 37, 31, 30, 24, 31, 30, 23, 38,
http://espn.go.com/golf/player/scorecards/_/id/241/year/2005/tournamentId/207/jonathan-kaye,Zurich Classic of New Orleans,4/28-05/01,Round 1,TPC Louisiana - Avondale- LA,,2005, 1, 399, 4, 4, 30, 2, 548, 5, 5, 38, 3, 221, 3, 3, 23, 4, 482, 4, 2, 28, 5, 438, 4, 4, 30, 6, 476, 4, 4, 30, 7, 561, 5, 4, 37, 8, 372, 4, 5, 31, 9, 207, 3, 3, 23, 10, 390, 4, 4, 30, 11, 575, 5, 5, 38, 12, 492, 4, 4, 30, 13, 403, 4, 4, 30, 14, 216, 3, 3, 23, 15, 490, 4, 4, 30, 16, 355, 4, 4, 30, 17, 215, 3, 3, 23, 18, 585, 5, 5, 38,  , 30, 38, 23, 28, 30, 30, 37, 31, 23, 30, 38, 30, 30, 23, 30, 30, 23, 38,
http://espn.go.com/golf/player/scorecards/_/id/241/year/2005/tournamentId/243/jonathan-kaye,Wachovia Championship,5/05-05/08,Round 2,Quail Hollow Club - Charlotte- NC,,2005, 1, 418, 4, 3, 29, 2, 178, 3, 4, 24, 3, 452, 4, 5, 31, 4, 483, 4, 4, 30, 5, 570, 5, 4, 37, 6, 250, 3, 4, 24, 7, 532, 5, 4, 37, 8, 350, 4, 4, 30, 9, 495, 4, 4, 30, 10, 598, 5, 4, 37, 11, 426, 4, 3, 29, 12, 456, 4, 4, 30, 13, 210, 3, 5, 25, 14, 345, 4, 4, 30, 15, 566, 5, 5, 38, 16, 487, 4, 4, 30, 17, 198, 3, 4, 24, 18, 478, 4, 6, 32,  , 29, 24, 31, 30, 37, 24, 37, 30, 30, 37, 29, 30, 25, 30, 38, 30, 24, 32,
http://espn.go.com/golf/player/scorecards/_/id/241/year/2005/tournamentId/243/jonathan-kaye,Wachovia Championship,5/05-05/08,Round 1,Quail Hollow Club - Charlotte- NC,,2005, 1, 418, 4, 4, 30, 2, 178, 3, 3, 23, 3, 452, 4, 4, 30, 4, 483, 4, 4, 30, 5, 570, 5, 6, 39, 6, 250, 3, 4, 24, 7, 532, 5, 5, 38, 8, 350, 4, 4, 30, 9, 495, 4, 4, 30, 10, 598, 5, 4, 37, 11, 426, 4, 4, 30, 12, 456, 4, 4, 30, 13, 210, 3, 4, 24, 14, 345, 4, 4, 30, 15, 566, 5, 4, 37, 16, 487, 4, 5, 31, 17, 198, 3, 4, 24, 18, 478, 4, 4, 30,  , 30, 23, 30, 30, 39, 24, 38, 30, 30, 37, 30, 30, 24, 30, 37, 31, 24, 30,
http://espn.go.com/golf/player/scorecards/_/id/241/year/2005/tournamentId/215/jonathan-kaye,Bank of America Colonial,5/19-05/22,Round 4,Colonial CC - Ft. Worth- TX,,2005, 1, 565, 5, 5, 38, 2, 389, 4, 4, 30, 3, 483, 4, 4, 30, 4, 247, 3, 3, 23, 5, 481, 4, 3, 29, 6, 406, 4, 3, 29, 7, 440, 4, 4, 30, 8, 194, 3, 3, 23, 9, 407, 4, 5, 31, 10, 408, 4, 4, 30, 11, 635, 5, 5, 38, 12, 445, 4, 3, 29, 13, 190, 3, 2, 22, 14, 464, 4, 4, 30, 15, 430, 4, 6, 32, 16, 192, 3, 3, 23, 17, 387, 4, 4, 30, 18, 441, 4, 4, 30,  , 38, 30, 30, 23, 29, 29, 30, 23, 31, 30, 38, 29, 22, 30, 32, 23, 30, 30,
http://espn.go.com/golf/player/scorecards/_/id/241/year/2005/tournamentId/215/jonathan-kaye,Bank of America Colonial,5/19-05/22,Round 3,Colonial CC - Ft. Worth- TX,,2005, 1, 565, 5, 5, 38, 2, 389, 4, 4, 30, 3, 483, 4, 5, 31, 4, 247, 3, 3, 23, 5, 481, 4, 5, 31, 6, 406, 4, 4, 30, 7, 440, 4, 4, 30, 8, 194, 3, 3, 23, 9, 407, 4, 4, 30, 10, 408, 4, 4, 30, 11, 635, 5, 4, 37, 12, 445, 4, 4, 30, 13, 190, 3, 3, 23, 14, 464, 4, 4, 30, 15, 430, 4, 4, 30, 16, 192, 3, 4, 24, 17, 387, 4, 3, 29, 18, 441, 4, 5, 31,  , 38, 30, 31, 23, 31, 30, 30, 23, 30, 30, 37, 30, 23, 30, 30, 24, 29, 31,
http://espn.go.com/golf/player/scorecards/_/id/241/year/2005/tournamentId/215/jonathan-kaye,Bank of America Colonial,5/19-05/22,Round 2,Colonial CC - Ft. Worth- TX,,2005, 1, 565, 5, 4, 37, 2, 389, 4, 4, 30, 3, 483, 4, 3, 29, 4, 247, 3, 3, 23, 5, 481, 4, 4, 30, 6, 406, 4, 4, 30, 7, 440, 4, 3, 29, 8, 194, 3, 3, 23, 9, 407, 4, 4, 30, 10, 408, 4, 5, 31, 11, 635, 5, 5, 38, 12, 445, 4, 5, 31, 13, 190, 3, 3, 23, 14, 464, 4, 4, 30, 15, 430, 4, 3, 29, 16, 192, 3, 3, 23, 17, 387, 4, 3, 29, 18, 441, 4, 4, 30,  , 37, 30, 29, 23, 30, 30, 29, 23, 30, 31, 38, 31, 23, 30, 29, 23, 29, 30,
http://espn.go.com/golf/player/scorecards/_/id/241/year/2005/tournamentId/215/jonathan-kaye,Bank of America Colonial,5/19-05/22,Round 1,Colonial CC - Ft. Worth- TX,,2005, 1, 565, 5, 5, 38, 2, 389, 4, 4, 30, 3, 483, 4, 5, 31, 4, 247, 3, 3, 23, 5, 481, 4, 4, 30, 6, 406, 4, 4, 30, 7, 440, 4, 5, 31, 8, 194, 3, 3, 23, 9, 407, 4, 4, 30, 10, 408, 4, 4, 30, 11, 635, 5, 4, 37, 12, 445, 4, 4, 30, 13, 190, 3, 3, 23, 14, 464, 4, 5, 31, 15, 430, 4, 4, 30, 16, 192, 3, 4, 24, 17, 387, 4, 3, 29, 18, 441, 4, 5, 31,  , 38, 30, 31, 23, 30, 30, 31, 23, 30, 30, 37, 30, 23, 31, 30, 24, 29, 31,
http://espn.go.com/golf/player/scorecards/_/id/241/year/2005/tournamentId/217/jonathan-kaye,the Memorial Tournament,6/02-06/05,Round 4,Muirfield Village GC - Dublin- OH,,2005, 1, 470, 4, 4, 30, 2, 455, 4, 4, 30, 3, 401, 4, 4, 30, 4, 200, 3, 4, 24, 5, 527, 5, 4, 37, 6, 447, 4, 3, 29, 7, 563, 5, 5, 38, 8, 185, 3, 3, 23, 9, 412, 4, 5, 31, 10, 471, 4, 3, 29, 11, 567, 5, 5, 38, 12, 184, 3, 3, 23, 13, 455, 4, 4, 30, 14, 363, 4, 4, 30, 15, 529, 5, 5, 38, 16, 201, 3, 6, 26, 17, 478, 4, 3, 29, 18, 444, 4, 3, 29,  , 30, 30, 30, 24, 37, 29, 38, 23, 31, 29, 38, 23, 30, 30, 38, 26, 29, 29,
http://espn.go.com/golf/player/scorecards/_/id/241/year/2005/tournamentId/217/jonathan-kaye,the Memorial Tournament,6/02-06/05,Round 3,Muirfield Village GC - Dublin- OH,,2005, 1, 470, 4, 4, 30, 2, 455, 4, 4, 30, 3, 401, 4, 4, 30, 4, 200, 3, 3, 23, 5, 527, 5, 5, 38, 6, 447, 4, 3, 29, 7, 563, 5, 4, 37, 8, 185, 3, 2, 22, 9, 412, 4, 4, 30, 10, 471, 4, 4, 30, 11, 567, 5, 4, 37, 12, 184, 3, 3, 23, 13, 455, 4, 4, 30, 14, 363, 4, 4, 30, 15, 529, 5, 5, 38, 16, 201, 3, 2, 22, 17, 478, 4, 4, 30, 18, 444, 4, 5, 31,  , 30, 30, 30, 23, 38, 29, 37, 22, 30, 30, 37, 23, 30, 30, 38, 22, 30, 31,
http://espn.go.com/golf/player/scorecards/_/id/241/year/2005/tournamentId/217/jonathan-kaye,the Memorial Tournament,6/02-06/05,Round 2,Muirfield Village GC - Dublin- OH,,2005, 1, 470, 4, 4, 30, 2, 455, 4, 5, 31, 3, 401, 4, 3, 29, 4, 200, 3, 3, 23, 5, 527, 5, 4, 37, 6, 447, 4, 4, 30, 7, 563, 5, 5, 38, 8, 185, 3, 3, 23, 9, 412, 4, 4, 30, 10, 471, 4, 3, 29, 11, 567, 5, 5, 38, 12, 184, 3, 3, 23, 13, 455, 4, 5, 31, 14, 363, 4, 4, 30, 15, 529, 5, 4, 37, 16, 201, 3, 3, 23, 17, 478, 4, 4, 30, 18, 444, 4, 4, 30,  , 30, 31, 29, 23, 37, 30, 38, 23, 30, 29, 38, 23, 31, 30, 37, 23, 30, 30,
http://espn.go.com/golf/player/scorecards/_/id/241/year/2005/tournamentId/217/jonathan-kaye,the Memorial Tournament,6/02-06/05,Round 1,Muirfield Village GC - Dublin- OH,,2005, 1, 470, 4, 4, 30, 2, 455, 4, 3, 29, 3, 401, 4, 4, 30, 4, 200, 3, 4, 24, 5, 527, 5, 4, 37, 6, 447, 4, 3, 29, 7, 563, 5, 5, 38, 8, 185, 3, 3, 23, 9, 412, 4, 4, 30, 10, 471, 4, 3, 29, 11, 567, 5, 5, 38, 12, 184, 3, 3, 23, 13, 455, 4, 5, 31, 14, 363, 4, 3, 29, 15, 529, 5, 4, 37, 16, 201, 3, 3, 23, 17, 478, 4, 4, 30, 18, 444, 4, 3, 29,  , 30, 29, 30, 24, 37, 29, 38, 23, 30, 29, 38, 23, 31, 29, 37, 23, 30, 29,
http://espn.go.com/golf/player/scorecards/_/id/241/year/2005/tournamentId/216/jonathan-kaye,Booz Allen Classic,6/09-06/12,Round 4,Congressional Country Club - Bethesda- MD,,2005, 1, 402, 4, 4, 30, 2, 233, 3, 5, 25, 3, 466, 4, 3, 29, 4, 470, 4, 4, 30, 5, 413, 4, 4, 30, 6, 555, 5, 4, 37, 7, 173, 3, 3, 23, 8, 354, 4, 4, 30, 9, 636, 5, 5, 38, 10, 218, 3, 5, 25, 11, 489, 4, 4, 30, 12, 471, 4, 4, 30, 13, 193, 3, 4, 24, 14, 467, 4, 3, 29, 15, 490, 4, 5, 31, 16, 579, 5, 5, 38, 17, 437, 4, 3, 29, 18, 523, 4, 3, 29,  , 30, 25, 29, 30, 30, 37, 23, 30, 38, 25, 30, 30, 24, 29, 31, 38, 29, 29,
http://espn.go.com/golf/player/scorecards/_/id/241/year/2005/tournamentId/216/jonathan-kaye,Booz Allen Classic,6/09-06/12,Round 3,Congressional Country Club - Bethesda- MD,,2005, 1, 402, 4, 4, 30, 2, 233, 3, 3, 23, 3, 466, 4, 5, 31, 4, 470, 4, 4, 30, 5, 413, 4, 3, 29, 6, 555, 5, 5, 38, 7, 173, 3, 4, 24, 8, 354, 4, 4, 30, 9, 636, 5, 5, 38, 10, 218, 3, 4, 24, 11, 489, 4, 4, 30, 12, 471, 4, 3, 29, 13, 193, 3, 4, 24, 14, 467, 4, 3, 29, 15, 490, 4, 6, 32, 16, 579, 5, 5, 38, 17, 437, 4, 3, 29, 18, 523, 4, 3, 29,  , 30, 23, 31, 30, 29, 38, 24, 30, 38, 24, 30, 29, 24, 29, 32, 38, 29, 29,
http://espn.go.com/golf/player/scorecards/_/id/241/year/2005/tournamentId/216/jonathan-kaye,Booz Allen Classic,6/09-06/12,Round 2,Congressional Country Club - Bethesda- MD,,2005, 1, 402, 4, 4, 30, 2, 233, 3, 3, 23, 3, 466, 4, 4, 30, 4, 470, 4, 5, 31, 5, 413, 4, 4, 30, 6, 555, 5, 4, 37, 7, 173, 3, 3, 23, 8, 354, 4, 3, 29, 9, 636, 5, 4, 37, 10, 218, 3, 5, 25, 11, 489, 4, 4, 30, 12, 471, 4, 3, 29, 13, 193, 3, 4, 24, 14, 467, 4, 3, 29, 15, 490, 4, 5, 31, 16, 579, 5, 4, 37, 17, 437, 4, 3, 29, 18, 523, 4, 3, 29,  , 30, 23, 30, 31, 30, 37, 23, 29, 37, 25, 30, 29, 24, 29, 31, 37, 29, 29,
http://espn.go.com/golf/player/scorecards/_/id/241/year/2005/tournamentId/216/jonathan-kaye,Booz Allen Classic,6/09-06/12,Round 1,Congressional Country Club - Bethesda- MD,,2005, 1, 402, 4, 3, 29, 2, 233, 3, 3, 23, 3, 466, 4, 4, 30, 4, 470, 4, 5, 31, 5, 413, 4, 4, 30, 6, 555, 5, 4, 37, 7, 173, 3, 3, 23, 8, 354, 4, 4, 30, 9, 636, 5, 5, 38, 10, 218, 3, 4, 24, 11, 489, 4, 5, 31, 12, 471, 4, 3, 29, 13, 193, 3, 5, 25, 14, 467, 4, 4, 30, 15, 490, 4, 5, 31, 16, 579, 5, 4, 37, 17, 437, 4, 4, 30, 18, 523, 4, 3, 29,  , 29, 23, 30, 31, 30, 37, 23, 30, 38, 24, 31, 29, 25, 30, 31, 37, 30, 29,
http://espn.go.com/golf/player/scorecards/_/id/241/year/2005/tournamentId/218/jonathan-kaye,Barclays Classic,6/23-06/26,Round 1,Westchester CC - Rye- NY,,2005, 1, 190, 3, 3, 23, 2, 384, 4, 4, 30, 3, 408, 4, 5, 31, 4, 419, 4, 4, 30, 5, 575, 5, 4, 37, 6, 151, 3, 5, 25, 7, 350, 4, 3, 29, 8, 471, 4, 5, 31, 9, 505, 5, 4, 37, 10, 314, 4, 4, 30, 11, 447, 4, 5, 31, 12, 485, 4, 6, 32, 13, 410, 4, 4, 30, 14, 154, 3, 3, 23, 15, 462, 4, 4, 30, 16, 214, 3, 4, 24, 17, 374, 4, 4, 30, 18, 526, 5, 7, 40,  , 23, 30, 31, 30, 37, 25, 29, 31, 37, 30, 31, 32, 30, 23, 30, 24, 30, 40,
http://espn.go.com/golf/player/scorecards/_/id/241/year/2005/tournamentId/233/jonathan-kaye,B.C. Open,7/14-07/17,Round 4,En-Joie GC - Endicott- NY,,2005, 1, 367, 4, 5, 31, 2, 369, 4, 4, 30, 3, 554, 5, 5, 38, 4, 175, 3, 3, 23, 5, 565, 5, 5, 38, 6, 433, 4, 4, 30, 7, 188, 3, 3, 23, 8, 553, 5, 4, 37, 9, 404, 4, 4, 30, 10, 356, 4, 4, 30, 11, 441, 4, 4, 30, 12, 545, 5, 4, 37, 13, 442, 4, 4, 30, 14, 212, 3, 3, 23, 15, 432, 4, 4, 30, 16, 321, 4, 4, 30, 17, 185, 3, 2, 22, 18, 419, 4, 4, 30,  , 31, 30, 38, 23, 38, 30, 23, 37, 30, 30, 30, 37, 30, 23, 30, 30, 22, 30,
http://espn.go.com/golf/player/scorecards/_/id/241/year/2005/tournamentId/233/jonathan-kaye,B.C. Open,7/14-07/17,Round 3,En-Joie GC - Endicott- NY,,2005, 1, 367, 4, 5, 31, 2, 369, 4, 4, 30, 3, 554, 5, 5, 38, 4, 175, 3, 3, 23, 5, 565, 5, 4, 37, 6, 433, 4, 4, 30, 7, 188, 3, 4, 24, 8, 553, 5, 4, 37, 9, 404, 4, 4, 30, 10, 356, 4, 3, 29, 11, 441, 4, 4, 30, 12, 545, 5, 4, 37, 13, 442, 4, 4, 30, 14, 212, 3, 2, 22, 15, 432, 4, 4, 30, 16, 321, 4, 4, 30, 17, 185, 3, 2, 22, 18, 419, 4, 4, 30,  , 31, 30, 38, 23, 37, 30, 24, 37, 30, 29, 30, 37, 30, 22, 30, 30, 22, 30,
http://espn.go.com/golf/player/scorecards/_/id/241/year/2005/tournamentId/233/jonathan-kaye,B.C. Open,7/14-07/17,Round 2,En-Joie GC - Endicott- NY,,2005, 1, 367, 4, 3, 29, 2, 369, 4, 4, 30, 3, 554, 5, 5, 38, 4, 175, 3, 4, 24, 5, 565, 5, 5, 38, 6, 433, 4, 4, 30, 7, 188, 3, 3, 23, 8, 553, 5, 4, 37, 9, 404, 4, 3, 29, 10, 356, 4, 4, 30, 11, 441, 4, 4, 30, 12, 545, 5, 4, 37, 13, 442, 4, 4, 30, 14, 212, 3, 3, 23, 15, 432, 4, 3, 29, 16, 321, 4, 4, 30, 17, 185, 3, 4, 24, 18, 419, 4, 4, 30,  , 29, 30, 38, 24, 38, 30, 23, 37, 29, 30, 30, 37, 30, 23, 29, 30, 24, 30,
http://espn.go.com/golf/player/scorecards/_/id/241/year/2005/tournamentId/233/jonathan-kaye,B.C. Open,7/14-07/17,Round 1,En-Joie GC - Endicott- NY,,2005, 1, 367, 4, 3, 29, 2, 369, 4, 3, 29, 3, 554, 5, 5, 38, 4, 175, 3, 3, 23, 5, 565, 5, 6, 39, 6, 433, 4, 4, 30, 7, 188, 3, 3, 23, 8, 553, 5, 5, 38, 9, 404, 4, 4, 30, 10, 356, 4, 3, 29, 11, 441, 4, 5, 31, 12, 545, 5, 5, 38, 13, 442, 4, 4, 30, 14, 212, 3, 3, 23, 15, 432, 4, 4, 30, 16, 321, 4, 4, 30, 17, 185, 3, 3, 23, 18, 419, 4, 4, 30,  , 29, 29, 38, 23, 39, 30, 23, 38, 30, 29, 31, 38, 30, 23, 30, 30, 23, 30,
http://espn.go.com/golf/player/scorecards/_/id/241/year/2005/tournamentId/227/jonathan-kaye,The INTERNATIONAL,8/04-08/07,Round 2,Castle Pines - Castle Rock- CO,,2005, 1, 644, 5, , 41, 2, 408, 4, , 33, 3, 462, 4, , 33, 4, 230, 3, , 26, 5, 477, 4, , 33, 6, 417, 4, , 33, 7, 185, 3, , 26, 8, 570, 5, , 41, 9, 458, 4, , 33, 10, 485, 4, , 33, 11, 197, 3, , 26, 12, 440, 4, , 33, 13, 439, 4, , 33, 14, 623, 5, , 41, 15, 403, 4, , 33, 16, 209, 3, , 26, 17, 492, 5, , 41, 18, 480, 4, , 33,  , 41, 33, 33, 26, 33, 33, 26, 41, 33, 33, 26, 33, 33, 41, 33, 26, 41, 33,
http://espn.go.com/golf/player/scorecards/_/id/241/year/2005/tournamentId/227/jonathan-kaye,The INTERNATIONAL,8/04-08/07,Round 1,Castle Pines - Castle Rock- CO,,2005, 1, 644, 5, , 41, 2, 408, 4, , 33, 3, 462, 4, , 33, 4, 230, 3, , 26, 5, 477, 4, , 33, 6, 417, 4, , 33, 7, 185, 3, , 26, 8, 570, 5, , 41, 9, 458, 4, , 33, 10, 485, 4, , 33, 11, 197, 3, , 26, 12, 440, 4, , 33, 13, 439, 4, , 33, 14, 623, 5, , 41, 15, 403, 4, , 33, 16, 209, 3, , 26, 17, 492, 5, , 41, 18, 480, 4, , 33,  , 41, 33, 33, 26, 33, 33, 26, 41, 33, 33, 26, 33, 33, 41, 33, 26, 41, 33,
http://espn.go.com/golf/player/scorecards/_/id/241/year/2005/tournamentId/226/jonathan-kaye,PGA Championship,8/11-08/14,Round 2,Baltusrol Golf Club-Lower Course - Springfield- NJ,,2005, 1, 478, 4, 5, 31, 2, 379, 4, 5, 31, 3, 503, 4, 5, 31, 4, 194, 3, 4, 24, 5, 423, 4, 4, 30, 6, 482, 4, 4, 30, 7, 505, 4, 5, 31, 8, 380, 4, 5, 31, 9, 212, 3, 3, 23, 10, 460, 4, 3, 29, 11, 440, 4, 4, 30, 12, 218, 3, 3, 23, 13, 424, 4, 4, 30, 14, 430, 4, 4, 30, 15, 430, 4, 5, 31, 16, 230, 3, 4, 24, 17, 650, 5, 5, 38, 18, 554, 5, 5, 38,  , 31, 31, 31, 24, 30, 30, 31, 31, 23, 29, 30, 23, 30, 30, 31, 24, 38, 38,
http://espn.go.com/golf/player/scorecards/_/id/241/year/2005/tournamentId/226/jonathan-kaye,PGA Championship,8/11-08/14,Round 1,Baltusrol Golf Club-Lower Course - Springfield- NJ,,2005, 1, 478, 4, 4, 30, 2, 379, 4, 4, 30, 3, 503, 4, 5, 31, 4, 194, 3, 3, 23, 5, 423, 4, 4, 30, 6, 482, 4, 4, 30, 7, 505, 4, 6, 32, 8, 380, 4, 4, 30, 9, 212, 3, 3, 23, 10, 460, 4, 3, 29, 11, 440, 4, 3, 29, 12, 218, 3, 4, 24, 13, 424, 4, 4, 30, 14, 430, 4, 5, 31, 15, 430, 4, 4, 30, 16, 230, 3, 4, 24, 17, 650, 5, 5, 38, 18, 554, 5, 4, 37,  , 30, 30, 31, 23, 30, 30, 32, 30, 23, 29, 29, 24, 30, 31, 30, 24, 38, 37,
http://espn.go.com/golf/player/scorecards/_/id/241/year/2005/tournamentId/241/jonathan-kaye,Reno-Tahoe Open,8/18-08/21,Round 4,Montreux G&CC - Reno- NV,,2005, 1, 494, 4, 4, 30, 2, 584, 5, 3, 36, 3, 186, 3, 3, 23, 4, 355, 4, 4, 30, 5, 491, 4, 4, 30, 6, 477, 4, 4, 30, 7, 183, 3, 2, 22, 8, 636, 5, 4, 37, 9, 429, 4, 6, 32, 10, 413, 4, 4, 30, 11, 171, 3, 4, 24, 12, 429, 4, 2, 28, 13, 518, 5, 4, 37, 14, 367, 4, 3, 29, 15, 439, 4, 4, 30, 16, 220, 3, 3, 23, 17, 464, 4, 5, 31, 18, 616, 5, 4, 37,  , 30, 36, 23, 30, 30, 30, 22, 37, 32, 30, 24, 28, 37, 29, 30, 23, 31, 37,
http://espn.go.com/golf/player/scorecards/_/id/241/year/2005/tournamentId/241/jonathan-kaye,Reno-Tahoe Open,8/18-08/21,Round 3,Montreux G&CC - Reno- NV,,2005, 1, 494, 4, 4, 30, 2, 584, 5, 2, 35, 3, 186, 3, 3, 23, 4, 355, 4, 5, 31, 5, 491, 4, 4, 30, 6, 477, 4, 3, 29, 7, 183, 3, 4, 24, 8, 636, 5, 4, 37, 9, 429, 4, 4, 30, 10, 413, 4, 3, 29, 11, 171, 3, 4, 24, 12, 429, 4, 2, 28, 13, 518, 5, 6, 39, 14, 367, 4, 4, 30, 15, 439, 4, 4, 30, 16, 220, 3, 2, 22, 17, 464, 4, 6, 32, 18, 616, 5, 4, 37,  , 30, 35, 23, 31, 30, 29, 24, 37, 30, 29, 24, 28, 39, 30, 30, 22, 32, 37,
http://espn.go.com/golf/player/scorecards/_/id/241/year/2005/tournamentId/241/jonathan-kaye,Reno-Tahoe Open,8/18-08/21,Round 2,Montreux G&CC - Reno- NV,,2005, 1, 494, 4, 4, 30, 2, 584, 5, 3, 36, 3, 186, 3, 5, 25, 4, 355, 4, 4, 30, 5, 491, 4, 5, 31, 6, 477, 4, 3, 29, 7, 183, 3, 3, 23, 8, 636, 5, 4, 37, 9, 429, 4, 4, 30, 10, 413, 4, 3, 29, 11, 171, 3, 4, 24, 12, 429, 4, 2, 28, 13, 518, 5, 5, 38, 14, 367, 4, 3, 29, 15, 439, 4, 4, 30, 16, 220, 3, 2, 22, 17, 464, 4, 4, 30, 18, 616, 5, 4, 37,  , 30, 36, 25, 30, 31, 29, 23, 37, 30, 29, 24, 28, 38, 29, 30, 22, 30, 37,
http://espn.go.com/golf/player/scorecards/_/id/241/year/2005/tournamentId/241/jonathan-kaye,Reno-Tahoe Open,8/18-08/21,Round 1,Montreux G&CC - Reno- NV,,2005, 1, 494, 4, 4, 30, 2, 584, 5, 3, 36, 3, 186, 3, 4, 24, 4, 355, 4, 4, 30, 5, 491, 4, 4, 30, 6, 477, 4, 4, 30, 7, 183, 3, 3, 23, 8, 636, 5, 4, 37, 9, 429, 4, 5, 31, 10, 413, 4, 4, 30, 11, 171, 3, 5, 25, 12, 429, 4, 2, 28, 13, 518, 5, 4, 37, 14, 367, 4, 4, 30, 15, 439, 4, 4, 30, 16, 220, 3, 3, 23, 17, 464, 4, 4, 30, 18, 616, 5, 4, 37,  , 30, 36, 24, 30, 30, 30, 23, 37, 31, 30, 25, 28, 37, 30, 30, 23, 30, 37,
http://espn.go.com/golf/player/scorecards/_/id/241/year/2005/tournamentId/244/jonathan-kaye,Deutsche Bank Championship,9/02-09/05,Round 4,TPC Boston - Norton- MA,,2005, 1, 365, 4, 3, 29, 2, 542, 5, 4, 37, 3, 208, 3, 3, 23, 4, 298, 4, 3, 29, 5, 466, 4, 6, 32, 6, 465, 4, 6, 32, 7, 600, 5, 4, 37, 8, 213, 3, 3, 23, 9, 472, 4, 4, 30, 10, 425, 4, 4, 30, 11, 231, 3, 4, 24, 12, 461, 4, 4, 30, 13, 451, 4, 4, 30, 14, 495, 4, 5, 31, 15, 421, 4, 4, 30, 16, 161, 3, 4, 24, 17, 412, 4, 3, 29, 18, 530, 5, 4, 37,  , 29, 37, 23, 29, 32, 32, 37, 23, 30, 30, 24, 30, 30, 31, 30, 24, 29, 37,
http://espn.go.com/golf/player/scorecards/_/id/241/year/2005/tournamentId/244/jonathan-kaye,Deutsche Bank Championship,9/02-09/05,Round 3,TPC Boston - Norton- MA,,2005, 1, 365, 4, 4, 30, 2, 542, 5, 6, 39, 3, 208, 3, 3, 23, 4, 298, 4, 3, 29, 5, 466, 4, 3, 29, 6, 465, 4, 4, 30, 7, 600, 5, 5, 38, 8, 213, 3, 3, 23, 9, 472, 4, 5, 31, 10, 425, 4, 4, 30, 11, 231, 3, 3, 23, 12, 461, 4, 5, 31, 13, 451, 4, 3, 29, 14, 495, 4, 4, 30, 15, 421, 4, 4, 30, 16, 161, 3, 3, 23, 17, 412, 4, 4, 30, 18, 530, 5, 4, 37,  , 30, 39, 23, 29, 29, 30, 38, 23, 31, 30, 23, 31, 29, 30, 30, 23, 30, 37,
http://espn.go.com/golf/player/scorecards/_/id/241/year/2005/tournamentId/244/jonathan-kaye,Deutsche Bank Championship,9/02-09/05,Round 2,TPC Boston - Norton- MA,,2005, 1, 365, 4, 4, 30, 2, 542, 5, 4, 37, 3, 208, 3, 3, 23, 4, 298, 4, 4, 30, 5, 466, 4, 4, 30, 6, 465, 4, 4, 30, 7, 600, 5, 5, 38, 8, 213, 3, 3, 23, 9, 472, 4, 5, 31, 10, 425, 4, 4, 30, 11, 231, 3, 4, 24, 12, 461, 4, 5, 31, 13, 451, 4, 4, 30, 14, 495, 4, 4, 30, 15, 421, 4, 4, 30, 16, 161, 3, 4, 24, 17, 412, 4, 3, 29, 18, 530, 5, 4, 37,  , 30, 37, 23, 30, 30, 30, 38, 23, 31, 30, 24, 31, 30, 30, 30, 24, 29, 37,
http://espn.go.com/golf/player/scorecards/_/id/241/year/2005/tournamentId/244/jonathan-kaye,Deutsche Bank Championship,9/02-09/05,Round 1,TPC Boston - Norton- MA,,2005, 1, 365, 4, 3, 29, 2, 542, 5, 5, 38, 3, 208, 3, 3, 23, 4, 298, 4, 4, 30, 5, 466, 4, 4, 30, 6, 465, 4, 5, 31, 7, 600, 5, 5, 38, 8, 213, 3, 2, 22, 9, 472, 4, 4, 30, 10, 425, 4, 4, 30, 11, 231, 3, 3, 23, 12, 461, 4, 4, 30, 13, 451, 4, 4, 30, 14, 495, 4, 4, 30, 15, 421, 4, 4, 30, 16, 161, 3, 3, 23, 17, 412, 4, 4, 30, 18, 530, 5, 4, 37,  , 29, 38, 23, 30, 30, 31, 38, 22, 30, 30, 23, 30, 30, 30, 30, 23, 30, 37,
http://espn.go.com/golf/player/scorecards/_/id/241/year/2005/tournamentId/230/jonathan-kaye,Bell Canadian Open,9/08-09/11,Round 2,Shaughnessy G&CC - Vancouver- Canada,,2005, 1, 475, 4, 5, 31, 2, 389, 4, 4, 30, 3, 200, 3, 3, 23, 4, 418, 4, 4, 30, 5, 471, 4, 5, 31, 6, 428, 4, 5, 31, 7, 551, 5, 6, 39, 8, 210, 3, 3, 23, 9, 421, 4, 4, 30, 10, 453, 4, 4, 30, 11, 485, 4, 4, 30, 12, 173, 3, 3, 23, 13, 442, 4, 4, 30, 14, 315, 4, 4, 30, 15, 577, 5, 4, 37, 16, 372, 4, 4, 30, 17, 158, 3, 3, 23, 18, 472, 4, 4, 30,  , 31, 30, 23, 30, 31, 31, 39, 23, 30, 30, 30, 23, 30, 30, 37, 30, 23, 30,
http://espn.go.com/golf/player/scorecards/_/id/241/year/2005/tournamentId/230/jonathan-kaye,Bell Canadian Open,9/08-09/11,Round 1,Shaughnessy G&CC - Vancouver- Canada,,2005, 1, 475, 4, 5, 31, 2, 389, 4, 4, 30, 3, 200, 3, 4, 24, 4, 418, 4, 4, 30, 5, 471, 4, 5, 31, 6, 428, 4, 3, 29, 7, 551, 5, 5, 38, 8, 210, 3, 4, 24, 9, 421, 4, 3, 29, 10, 453, 4, 3, 29, 11, 485, 4, 4, 30, 12, 173, 3, 4, 24, 13, 442, 4, 5, 31, 14, 315, 4, 3, 29, 15, 577, 5, 5, 38, 16, 372, 4, 5, 31, 17, 158, 3, 3, 23, 18, 472, 4, 5, 31,  , 31, 30, 24, 30, 31, 29, 38, 24, 29, 29, 30, 24, 31, 29, 38, 31, 23, 31,
http://espn.go.com/golf/player/scorecards/_/id/241/year/2005/tournamentId/212/jonathan-kaye,Chrysler Classic of Greensboro,9/29-10/02,Round 4,Forest Oaks - Greensboro- NC,,2005, 1, 375, 4, 4, 30, 2, 557, 5, 5, 38, 3, 443, 4, 4, 30, 4, 203, 3, 3, 23, 5, 360, 4, 5, 31, 6, 455, 4, 4, 30, 7, 376, 4, 4, 30, 8, 226, 3, 3, 23, 9, 584, 5, 5, 38, 10, 437, 4, 5, 31, 11, 442, 4, 6, 32, 12, 189, 3, 3, 23, 13, 529, 5, 5, 38, 14, 462, 4, 4, 30, 15, 555, 5, 5, 38, 16, 467, 4, 3, 29, 17, 222, 3, 3, 23, 18, 451, 4, 3, 29,  , 30, 38, 30, 23, 31, 30, 30, 23, 38, 31, 32, 23, 38, 30, 38, 29, 23, 29,
http://espn.go.com/golf/player/scorecards/_/id/241/year/2005/tournamentId/212/jonathan-kaye,Chrysler Classic of Greensboro,9/29-10/02,Round 3,Forest Oaks - Greensboro- NC,,2005, 1, 375, 4, 4, 30, 2, 557, 5, 4, 37, 3, 443, 4, 4, 30, 4, 203, 3, 3, 23, 5, 360, 4, 3, 29, 6, 455, 4, 5, 31, 7, 376, 4, 5, 31, 8, 226, 3, 3, 23, 9, 584, 5, 5, 38, 10, 437, 4, 4, 30, 11, 442, 4, 4, 30, 12, 189, 3, 3, 23, 13, 529, 5, 4, 37, 14, 462, 4, 4, 30, 15, 555, 5, 4, 37, 16, 467, 4, 4, 30, 17, 222, 3, 3, 23, 18, 451, 4, 4, 30,  , 30, 37, 30, 23, 29, 31, 31, 23, 38, 30, 30, 23, 37, 30, 37, 30, 23, 30,
http://espn.go.com/golf/player/scorecards/_/id/241/year/2005/tournamentId/212/jonathan-kaye,Chrysler Classic of Greensboro,9/29-10/02,Round 2,Forest Oaks - Greensboro- NC,,2005, 1, 375, 4, 4, 30, 2, 557, 5, 4, 37, 3, 443, 4, 4, 30, 4, 203, 3, 3, 23, 5, 360, 4, 4, 30, 6, 455, 4, 4, 30, 7, 376, 4, 4, 30, 8, 226, 3, 2, 22, 9, 584, 5, 4, 37, 10, 437, 4, 4, 30, 11, 442, 4, 4, 30, 12, 189, 3, 3, 23, 13, 529, 5, 5, 38, 14, 462, 4, 4, 30, 15, 555, 5, 5, 38, 16, 467, 4, 3, 29, 17, 222, 3, 3, 23, 18, 451, 4, 4, 30,  , 30, 37, 30, 23, 30, 30, 30, 22, 37, 30, 30, 23, 38, 30, 38, 29, 23, 30,
http://espn.go.com/golf/player/scorecards/_/id/241/year/2005/tournamentId/212/jonathan-kaye,Chrysler Classic of Greensboro,9/29-10/02,Round 1,Forest Oaks - Greensboro- NC,,2005, 1, 375, 4, 4, 30, 2, 557, 5, 6, 39, 3, 443, 4, 4, 30, 4, 203, 3, 4, 24, 5, 360, 4, 3, 29, 6, 455, 4, 4, 30, 7, 376, 4, 3, 29, 8, 226, 3, 3, 23, 9, 584, 5, 5, 38, 10, 437, 4, 5, 31, 11, 442, 4, 3, 29, 12, 189, 3, 3, 23, 13, 529, 5, 4, 37, 14, 462, 4, 4, 30, 15, 555, 5, 4, 37, 16, 467, 4, 4, 30, 17, 222, 3, 3, 23, 18, 451, 4, 4, 30,  , 30, 39, 30, 24, 29, 30, 29, 23, 38, 31, 29, 23, 37, 30, 37, 30, 23, 30,
http://espn.go.com/golf/player/scorecards/_/id/241/year/2005/tournamentId/234/jonathan-kaye,Michelin Championship at Las Vegas,0/13-10/16,Round 2 ,TPC Summerlin- TPC at The Canyons - Las Vegas- NV,TPC Summerlin,2005, 1, 408, 4, 4, 30, 2, 469, 4, 4, 30, 3, 492, 4, 5, 31, 4, 450, 4, 5, 31, 5, 197, 3, 4, 24, 6, 430, 4, 4, 30, 7, 382, 4, 4, 30, 8, 239, 3, 3, 23, 9, 563, 5, 4, 37, 10, 420, 4, 6, 32, 11, 448, 4, 3, 29, 12, 442, 4, 4, 30, 13, 606, 5, 5, 38, 14, 156, 3, 3, 23, 15, 341, 4, 3, 29, 16, 560, 5, 5, 38, 17, 196, 3, 2, 22, 18, 444, 4, 6, 32,  , 30, 30, 31, 31, 24, 30, 30, 23, 37, 32, 29, 30, 38, 23, 29, 38, 22, 32,
http://espn.go.com/golf/player/scorecards/_/id/241/year/2005/tournamentId/234/jonathan-kaye,Michelin Championship at Las Vegas,0/13-10/16,Round 1 ,TPC Summerlin- TPC at The Canyons - Las Vegas- NV,TPC at The Canyons,2005, 1, 359, 4, 5, 31, 2, 196, 3, 3, 23, 3, 466, 4, 4, 30, 4, 544, 5, 4, 37, 5, 378, 4, 3, 29, 6, 604, 5, 5, 38, 7, 209, 3, 5, 25, 8, 458, 4, 4, 30, 9, 349, 4, 4, 30, 10, 419, 4, 4, 30, 11, 444, 4, 4, 30, 12, 145, 3, 3, 23, 13, 423, 4, 4, 30, 14, 365, 4, 4, 30, 15, 612, 5, 6, 39, 16, 202, 3, 3, 23, 17, 443, 4, 5, 31, 18, 447, 4, 4, 30,  , 31, 23, 30, 37, 29, 38, 25, 30, 30, 30, 30, 23, 30, 30, 39, 23, 31, 30,
http://espn.go.com/golf/player/scorecards/_/id/241/year/2006/tournamentId/254/jonathan-kaye,Sony Open in Hawaii,1/12-01/15,Round 4,Waialae CC - Honolulu- HI,,2006, 1, 480, 4, 4, 30, 2, 423, 4, 4, 30, 3, 422, 4, 4, 30, 4, 204, 3, 3, 23, 5, 467, 4, 4, 30, 6, 460, 4, 4, 30, 7, 176, 3, 2, 22, 8, 454, 4, 5, 31, 9, 506, 5, 4, 37, 10, 351, 4, 3, 29, 11, 194, 3, 3, 23, 12, 440, 4, 4, 30, 13, 477, 4, 4, 30, 14, 430, 4, 4, 30, 15, 398, 4, 4, 30, 16, 417, 4, 4, 30, 17, 194, 3, 4, 24, 18, 551, 5, 4, 37,  , 30, 30, 30, 23, 30, 30, 22, 31, 37, 29, 23, 30, 30, 30, 30, 30, 24, 37,
http://espn.go.com/golf/player/scorecards/_/id/241/year/2006/tournamentId/254/jonathan-kaye,Sony Open in Hawaii,1/12-01/15,Round 3,Waialae CC - Honolulu- HI,,2006, 1, 480, 4, 4, 30, 2, 423, 4, 4, 30, 3, 422, 4, 4, 30, 4, 204, 3, 3, 23, 5, 467, 4, 5, 31, 6, 460, 4, 3, 29, 7, 176, 3, 3, 23, 8, 454, 4, 5, 31, 9, 506, 5, 4, 37, 10, 351, 4, 4, 30, 11, 194, 3, 4, 24, 12, 440, 4, 4, 30, 13, 477, 4, 4, 30, 14, 430, 4, 3, 29, 15, 398, 4, 6, 32, 16, 417, 4, 4, 30, 17, 194, 3, 3, 23, 18, 551, 5, 4, 37,  , 30, 30, 30, 23, 31, 29, 23, 31, 37, 30, 24, 30, 30, 29, 32, 30, 23, 37,
http://espn.go.com/golf/player/scorecards/_/id/241/year/2006/tournamentId/254/jonathan-kaye,Sony Open in Hawaii,1/12-01/15,Round 2,Waialae CC - Honolulu- HI,,2006, 1, 480, 4, 3, 29, 2, 423, 4, 4, 30, 3, 422, 4, 4, 30, 4, 204, 3, 4, 24, 5, 467, 4, 4, 30, 6, 460, 4, 5, 31, 7, 176, 3, 3, 23, 8, 454, 4, 4, 30, 9, 506, 5, 4, 37, 10, 351, 4, 4, 30, 11, 194, 3, 3, 23, 12, 440, 4, 4, 30, 13, 477, 4, 4, 30, 14, 430, 4, 3, 29, 15, 398, 4, 4, 30, 16, 417, 4, 4, 30, 17, 194, 3, 2, 22, 18, 551, 5, 5, 38,  , 29, 30, 30, 24, 30, 31, 23, 30, 37, 30, 23, 30, 30, 29, 30, 30, 22, 38,
http://espn.go.com/golf/player/scorecards/_/id/241/year/2006/tournamentId/254/jonathan-kaye,Sony Open in Hawaii,1/12-01/15,Round 1,Waialae CC - Honolulu- HI,,2006, 1, 480, 4, 4, 30, 2, 423, 4, 4, 30, 3, 422, 4, 4, 30, 4, 204, 3, 4, 24, 5, 467, 4, 4, 30, 6, 460, 4, 4, 30, 7, 176, 3, 4, 24, 8, 454, 4, 4, 30, 9, 506, 5, 5, 38, 10, 351, 4, 5, 31, 11, 194, 3, 3, 23, 12, 440, 4, 4, 30, 13, 477, 4, 5, 31, 14, 430, 4, 3, 29, 15, 398, 4, 4, 30, 16, 417, 4, 4, 30, 17, 194, 3, 4, 24, 18, 551, 5, 4, 37,  , 30, 30, 30, 24, 30, 30, 24, 30, 38, 31, 23, 30, 31, 29, 30, 30, 24, 37,
http://espn.go.com/golf/player/scorecards/_/id/241/year/2006/tournamentId/250/jonathan-kaye,Bob Hope Chrysler Classic,1/18-01/22,Round 4 ,PGA West (Palmer Course)- Bermuda Dunes CC- La Quinta CC- The Classic Club - Bermuda Dunes- CA,La Quinta CC,2006, 1, 382, 4, 3, 29, 2, 434, 4, 4, 30, 3, 202, 3, 3, 23, 4, 384, 4, 4, 30, 5, 516, 5, 4, 37, 6, 527, 5, 4, 37, 7, 168, 3, 3, 23, 8, 389, 4, 4, 30, 9, 399, 4, 3, 29, 10, 405, 4, 5, 31, 11, 543, 5, 6, 39, 12, 202, 3, 3, 23, 13, 547, 5, 5, 38, 14, 469, 4, 4, 30, 15, 206, 3, 3, 23, 16, 454, 4, 4, 30, 17, 421, 4, 4, 30, 18, 412, 4, 4, 30,  , 29, 30, 23, 30, 37, 37, 23, 30, 29, 31, 39, 23, 38, 30, 23, 30, 30, 30,
http://espn.go.com/golf/player/scorecards/_/id/241/year/2006/tournamentId/250/jonathan-kaye,Bob Hope Chrysler Classic,1/18-01/22,Round 3 ,PGA West (Palmer Course)- Bermuda Dunes CC- La Quinta CC- The Classic Club - Bermuda Dunes- CA,Bermuda Dunes CC,2006, 1, 541, 5, 5, 38, 2, 427, 4, 3, 29, 3, 395, 4, 4, 30, 4, 228, 3, 3, 23, 5, 435, 4, 5, 31, 6, 371, 4, 5, 31, 7, 176, 3, 4, 24, 8, 540, 5, 4, 37, 9, 390, 4, 3, 29, 10, 414, 4, 3, 29, 11, 402, 4, 3, 29, 12, 160, 3, 3, 23, 13, 564, 5, 4, 37, 14, 390, 4, 4, 30, 15, 404, 4, 5, 31, 16, 451, 4, 5, 31, 17, 215, 3, 3, 23, 18, 514, 5, 3, 36,  , 38, 29, 30, 23, 31, 31, 24, 37, 29, 29, 29, 23, 37, 30, 31, 31, 23, 36,
http://espn.go.com/golf/player/scorecards/_/id/241/year/2006/tournamentId/250/jonathan-kaye,Bob Hope Chrysler Classic,1/18-01/22,Round 2 ,PGA West (Palmer Course)- Bermuda Dunes CC- La Quinta CC- The Classic Club - Bermuda Dunes- CA,The Classic Club,2006, 1, 416, 4, 4, 30, 2, 477, 4, 3, 29, 3, 408, 4, 4, 30, 4, 180, 3, 4, 24, 5, 443, 4, 4, 30, 6, 568, 5, 3, 36, 7, 419, 4, 3, 29, 8, 220, 3, 5, 25, 9, 595, 5, 6, 39, 10, 474, 4, 4, 30, 11, 459, 4, 5, 31, 12, 162, 3, 2, 22, 13, 399, 4, 3, 29, 14, 560, 5, 7, 40, 15, 349, 4, 4, 30, 16, 436, 4, 5, 31, 17, 176, 3, 4, 24, 18, 564, 5, 4, 37,  , 30, 29, 30, 24, 30, 36, 29, 25, 39, 30, 31, 22, 29, 40, 30, 31, 24, 37,
http://espn.go.com/golf/player/scorecards/_/id/241/year/2006/tournamentId/250/jonathan-kaye,Bob Hope Chrysler Classic,1/18-01/22,Round 1 ,PGA West (Palmer Course)- Bermuda Dunes CC- La Quinta CC- The Classic Club - Bermuda Dunes- CA,PGA West (Palmer Course),2006, 1, 426, 4, 4, 30, 2, 514, 5, 4, 37, 3, 180, 3, 2, 22, 4, 396, 4, 4, 30, 5, 233, 3, 4, 24, 6, 562, 5, 4, 37, 7, 439, 4, 5, 31, 8, 358, 4, 3, 29, 9, 461, 4, 4, 30, 10, 453, 4, 4, 30, 11, 512, 5, 5, 38, 12, 207, 3, 3, 23, 13, 447, 4, 5, 31, 14, 569, 5, 5, 38, 15, 156, 3, 3, 23, 16, 364, 4, 4, 30, 17, 130, 3, 3, 23, 18, 543, 5, 5, 38,  , 30, 37, 22, 30, 24, 37, 31, 29, 30, 30, 38, 23, 31, 38, 23, 30, 23, 38,
http://espn.go.com/golf/player/scorecards/_/id/241/year/2006/tournamentId/253/jonathan-kaye,Buick Invitational,1/26-01/29,Round 4 ,Torrey Pines (North Course)- Torrey Pines (South Course) - San Diego- CA,Torrey Pines (South Course),2006, 1, 450, 4, 5, 31, 2, 389, 4, 4, 30, 3, 200, 3, 3, 23, 4, 488, 4, 4, 30, 5, 454, 4, 4, 30, 6, 560, 5, 5, 38, 7, 462, 4, 4, 30, 8, 176, 3, 3, 23, 9, 614, 5, 5, 38, 10, 416, 4, 4, 30, 11, 221, 3, 3, 23, 12, 504, 4, 4, 30, 13, 614, 5, 5, 38, 14, 437, 4, 3, 29, 15, 478, 4, 3, 29, 16, 223, 3, 2, 22, 17, 442, 4, 3, 29, 18, 570, 5, 4, 37,  , 31, 30, 23, 30, 30, 38, 30, 23, 38, 30, 23, 30, 38, 29, 29, 22, 29, 37,
http://espn.go.com/golf/player/scorecards/_/id/241/year/2006/tournamentId/253/jonathan-kaye,Buick Invitational,1/26-01/29,Round 3 ,Torrey Pines (North Course)- Torrey Pines (South Course) - San Diego- CA,Torrey Pines (South Course),2006, 1, 450, 4, 4, 30, 2, 389, 4, 3, 29, 3, 200, 3, 3, 23, 4, 488, 4, 4, 30, 5, 454, 4, 3, 29, 6, 560, 5, 5, 38, 7, 462, 4, 4, 30, 8, 176, 3, 3, 23, 9, 614, 5, 6, 39, 10, 416, 4, 4, 30, 11, 221, 3, 4, 24, 12, 504, 4, 4, 30, 13, 614, 5, 4, 37, 14, 437, 4, 4, 30, 15, 478, 4, 5, 31, 16, 223, 3, 3, 23, 17, 442, 4, 4, 30, 18, 570, 5, 4, 37,  , 30, 29, 23, 30, 29, 38, 30, 23, 39, 30, 24, 30, 37, 30, 31, 23, 30, 37,
http://espn.go.com/golf/player/scorecards/_/id/241/year/2006/tournamentId/253/jonathan-kaye,Buick Invitational,1/26-01/29,Round 2 ,Torrey Pines (North Course)- Torrey Pines (South Course) - San Diego- CA,Torrey Pines (South Course),2006, 1, 450, 4, 4, 30, 2, 389, 4, 5, 31, 3, 200, 3, 3, 23, 4, 488, 4, 3, 29, 5, 454, 4, 4, 30, 6, 560, 5, 4, 37, 7, 462, 4, 4, 30, 8, 176, 3, 3, 23, 9, 614, 5, 6, 39, 10, 416, 4, 4, 30, 11, 221, 3, 4, 24, 12, 504, 4, 5, 31, 13, 614, 5, 4, 37, 14, 437, 4, 4, 30, 15, 478, 4, 4, 30, 16, 223, 3, 3, 23, 17, 442, 4, 4, 30, 18, 570, 5, 5, 38,  , 30, 31, 23, 29, 30, 37, 30, 23, 39, 30, 24, 31, 37, 30, 30, 23, 30, 38,
http://espn.go.com/golf/player/scorecards/_/id/241/year/2006/tournamentId/253/jonathan-kaye,Buick Invitational,1/26-01/29,Round 1 ,Torrey Pines (North Course)- Torrey Pines (South Course) - San Diego- CA,Torrey Pines (North Course),2006, 1, 519, 5, 5, 38, 2, 329, 4, 4, 30, 3, 179, 3, 3, 23, 4, 434, 4, 4, 30, 5, 411, 4, 3, 29, 6, 205, 3, 3, 23, 7, 399, 4, 5, 31, 8, 436, 4, 4, 30, 9, 547, 5, 4, 37, 10, 417, 4, 4, 30, 11, 490, 4, 4, 30, 12, 240, 3, 2, 22, 13, 471, 4, 4, 30, 14, 523, 5, 4, 37, 15, 397, 4, 4, 30, 16, 366, 4, 3, 29, 17, 174, 3, 3, 23, 18, 516, 5, 4, 37,  , 38, 30, 23, 30, 29, 23, 31, 30, 37, 30, 30, 22, 30, 37, 30, 29, 23, 37,
http://espn.go.com/golf/player/scorecards/_/id/241/year/2006/tournamentId/251/jonathan-kaye,FBR Open,2/02-02/05,Round 2,TPC Scottsdale - Scottsdale- AZ,,2006, 1, 410, 4, 4, 30, 2, 416, 4, 5, 31, 3, 554, 5, 4, 37, 4, 175, 3, 4, 24, 5, 453, 4, 4, 30, 6, 436, 4, 4, 30, 7, 215, 3, 2, 22, 8, 470, 4, 4, 30, 9, 464, 4, 4, 30, 10, 403, 4, 5, 31, 11, 469, 4, 4, 30, 12, 195, 3, 3, 23, 13, 595, 5, 5, 38, 14, 477, 4, 5, 31, 15, 552, 5, 6, 39, 16, 162, 3, 3, 23, 17, 332, 4, 3, 29, 18, 438, 4, 4, 30,  , 30, 31, 37, 24, 30, 30, 22, 30, 30, 31, 30, 23, 38, 31, 39, 23, 29, 30,
http://espn.go.com/golf/player/scorecards/_/id/241/year/2006/tournamentId/251/jonathan-kaye,FBR Open,2/02-02/05,Round 1,TPC Scottsdale - Scottsdale- AZ,,2006, 1, 410, 4, 4, 30, 2, 416, 4, 4, 30, 3, 554, 5, 5, 38, 4, 175, 3, 3, 23, 5, 453, 4, 4, 30, 6, 436, 4, 4, 30, 7, 215, 3, 3, 23, 8, 470, 4, 4, 30, 9, 464, 4, 4, 30, 10, 403, 4, 4, 30, 11, 469, 4, 4, 30, 12, 195, 3, 3, 23, 13, 595, 5, 5, 38, 14, 477, 4, 3, 29, 15, 552, 5, 5, 38, 16, 162, 3, 3, 23, 17, 332, 4, 4, 30, 18, 438, 4, 4, 30,  , 30, 30, 38, 23, 30, 30, 23, 30, 30, 30, 30, 23, 38, 29, 38, 23, 30, 30,
http://espn.go.com/golf/player/scorecards/_/id/241/year/2006/tournamentId/255/jonathan-kaye,Nissan Open,2/16-02/19,Round 2,Riviera CC - Pacific Palisades- CA,,2006, 1, 503, 5, 4, 37, 2, 471, 4, 4, 30, 3, 434, 4, 5, 31, 4, 236, 3, 3, 23, 5, 434, 4, 4, 30, 6, 199, 3, 2, 22, 7, 408, 4, 4, 30, 8, 460, 4, 6, 32, 9, 458, 4, 4, 30, 10, 315, 4, 4, 30, 11, 583, 5, 4, 37, 12, 479, 4, 4, 30, 13, 459, 4, 4, 30, 14, 192, 3, 3, 23, 15, 487, 4, 4, 30, 16, 166, 3, 3, 23, 17, 590, 5, 4, 37, 18, 475, 4, 4, 30,  , 37, 30, 31, 23, 30, 22, 30, 32, 30, 30, 37, 30, 30, 23, 30, 23, 37, 30,
http://espn.go.com/golf/player/scorecards/_/id/241/year/2006/tournamentId/255/jonathan-kaye,Nissan Open,2/16-02/19,Round 1,Riviera CC - Pacific Palisades- CA,,2006, 1, 503, 5, 5, 38, 2, 471, 4, 4, 30, 3, 434, 4, 5, 31, 4, 236, 3, 4, 24, 5, 434, 4, 4, 30, 6, 199, 3, 3, 23, 7, 408, 4, 5, 31, 8, 460, 4, 4, 30, 9, 458, 4, 4, 30, 10, 315, 4, 4, 30, 11, 583, 5, 5, 38, 12, 479, 4, 4, 30, 13, 459, 4, 4, 30, 14, 192, 3, 3, 23, 15, 487, 4, 4, 30, 16, 166, 3, 3, 23, 17, 590, 5, 5, 38, 18, 475, 4, 4, 30,  , 38, 30, 31, 24, 30, 23, 31, 30, 30, 30, 38, 30, 30, 23, 30, 23, 38, 30,
http://espn.go.com/golf/player/scorecards/_/id/241/year/2006/tournamentId/249/jonathan-kaye,Chrysler Classic of Tucson,2/23-02/26,Round 4,Omni Tucson National-Orange/Gold - Tucson- AZ,,2006, 1, 410, 4, 5, 31, 2, 495, 5, 4, 37, 3, 377, 4, 3, 29, 4, 170, 3, 4, 24, 5, 395, 4, 4, 30, 6, 426, 4, 4, 30, 7, 247, 3, 3, 23, 8, 587, 5, 4, 37, 9, 440, 4, 5, 31, 10, 501, 5, 5, 38, 11, 431, 4, 3, 29, 12, 182, 3, 3, 23, 13, 406, 4, 4, 30, 14, 405, 4, 4, 30, 15, 663, 5, 5, 38, 16, 427, 4, 4, 30, 17, 186, 3, 4, 24, 18, 465, 4, 4, 30,  , 31, 37, 29, 24, 30, 30, 23, 37, 31, 38, 29, 23, 30, 30, 38, 30, 24, 30,
http://espn.go.com/golf/player/scorecards/_/id/241/year/2006/tournamentId/249/jonathan-kaye,Chrysler Classic of Tucson,2/23-02/26,Round 3,Omni Tucson National-Orange/Gold - Tucson- AZ,,2006, 1, 410, 4, 4, 30, 2, 495, 5, 4, 37, 3, 377, 4, 5, 31, 4, 170, 3, 2, 22, 5, 395, 4, 4, 30, 6, 426, 4, 4, 30, 7, 247, 3, 3, 23, 8, 587, 5, 4, 37, 9, 440, 4, 4, 30, 10, 501, 5, 6, 39, 11, 431, 4, 3, 29, 12, 182, 3, 2, 22, 13, 406, 4, 4, 30, 14, 405, 4, 5, 31, 15, 663, 5, 4, 37, 16, 427, 4, 5, 31, 17, 186, 3, 3, 23, 18, 465, 4, 5, 31,  , 30, 37, 31, 22, 30, 30, 23, 37, 30, 39, 29, 22, 30, 31, 37, 31, 23, 31,
http://espn.go.com/golf/player/scorecards/_/id/241/year/2006/tournamentId/249/jonathan-kaye,Chrysler Classic of Tucson,2/23-02/26,Round 2,Omni Tucson National-Orange/Gold - Tucson- AZ,,2006, 1, 410, 4, 4, 30, 2, 495, 5, 4, 37, 3, 377, 4, 3, 29, 4, 170, 3, 3, 23, 5, 395, 4, 3, 29, 6, 426, 4, 3, 29, 7, 247, 3, 3, 23, 8, 587, 5, 6, 39, 9, 440, 4, 4, 30, 10, 501, 5, 5, 38, 11, 431, 4, 4, 30, 12, 182, 3, 3, 23, 13, 406, 4, 4, 30, 14, 405, 4, 3, 29, 15, 663, 5, 5, 38, 16, 427, 4, 4, 30, 17, 186, 3, 3, 23, 18, 465, 4, 5, 31,  , 30, 37, 29, 23, 29, 29, 23, 39, 30, 38, 30, 23, 30, 29, 38, 30, 23, 31,
http://espn.go.com/golf/player/scorecards/_/id/241/year/2006/tournamentId/249/jonathan-kaye,Chrysler Classic of Tucson,2/23-02/26,Round 1,Omni Tucson National-Orange/Gold - Tucson- AZ,,2006, 1, 410, 4, 5, 31, 2, 495, 5, 4, 37, 3, 377, 4, 3, 29, 4, 170, 3, 3, 23, 5, 395, 4, 4, 30, 6, 426, 4, 4, 30, 7, 247, 3, 3, 23, 8, 587, 5, 5, 38, 9, 440, 4, 4, 30, 10, 501, 5, 4, 37, 11, 431, 4, 4, 30, 12, 182, 3, 3, 23, 13, 406, 4, 3, 29, 14, 405, 4, 5, 31, 15, 663, 5, 5, 38, 16, 427, 4, 4, 30, 17, 186, 3, 3, 23, 18, 465, 4, 4, 30,  , 31, 37, 29, 23, 30, 30, 23, 38, 30, 37, 30, 23, 29, 31, 38, 30, 23, 30,
http://espn.go.com/golf/player/scorecards/_/id/241/year/2006/tournamentId/258/jonathan-kaye,Bay Hill Invitational Presented by MasterCard,3/16-03/19,Round 1,Bay Hill Club & Lodge - Orlando- FL,,2006, 1, 461, 4, 4, 30, 2, 231, 3, 3, 23, 3, 434, 4, 3, 29, 4, 561, 5, 6, 39, 5, 390, 4, 4, 30, 6, 555, 5, 5, 38, 7, 199, 3, 4, 24, 8, 460, 4, 4, 30, 9, 474, 4, 4, 30, 10, 400, 4, 4, 30, 11, 438, 4, 5, 31, 12, 574, 5, 5, 38, 13, 370, 4, 4, 30, 14, 215, 3, 3, 23, 15, 467, 4, 4, 30, 16, 511, 5, 5, 38, 17, 221, 3, 4, 24, 18, 458, 4, 4, 30,  , 30, 23, 29, 39, 30, 38, 24, 30, 30, 30, 31, 38, 30, 23, 30, 38, 24, 30,
http://espn.go.com/golf/player/scorecards/_/id/241/year/2006/tournamentId/259/jonathan-kaye,THE PLAYERS Championship,3/23-03/26,Round 2,TPC Sawgrass - Ponte Vedra Beach- FL,,2006, 1, 423, 4, 4, 30, 2, 532, 5, 4, 37, 3, 177, 3, 3, 23, 4, 384, 4, 4, 30, 5, 471, 4, 4, 30, 6, 393, 4, 4, 30, 7, 442, 4, 4, 30, 8, 237, 3, 3, 23, 9, 583, 5, 5, 38, 10, 424, 4, 4, 30, 11, 558, 5, 5, 38, 12, 358, 4, 3, 29, 13, 181, 3, 3, 23, 14, 481, 4, 4, 30, 15, 449, 4, 5, 31, 16, 523, 5, 4, 37, 17, 137, 3, 3, 23, 18, 462, 4, 5, 31,  , 30, 37, 23, 30, 30, 30, 30, 23, 38, 30, 38, 29, 23, 30, 31, 37, 23, 31,
http://espn.go.com/golf/player/scorecards/_/id/241/year/2006/tournamentId/259/jonathan-kaye,THE PLAYERS Championship,3/23-03/26,Round 1,TPC Sawgrass - Ponte Vedra Beach- FL,,2006, 1, 423, 4, 5, 31, 2, 532, 5, 4, 37, 3, 177, 3, 4, 24, 4, 384, 4, 4, 30, 5, 471, 4, 5, 31, 6, 393, 4, 4, 30, 7, 442, 4, 6, 32, 8, 237, 3, 3, 23, 9, 583, 5, 5, 38, 10, 424, 4, 4, 30, 11, 558, 5, 5, 38, 12, 358, 4, 4, 30, 13, 181, 3, 3, 23, 14, 481, 4, 4, 30, 15, 449, 4, 4, 30, 16, 523, 5, 5, 38, 17, 137, 3, 3, 23, 18, 462, 4, 5, 31,  , 31, 37, 24, 30, 31, 30, 32, 23, 38, 30, 38, 30, 23, 30, 30, 38, 23, 31,
http://espn.go.com/golf/player/scorecards/_/id/241/year/2006/tournamentId/260/jonathan-kaye,BellSouth Classic,3/30-04/02,Round 4,TPC Sugarloaf - Duluth- GA,,2006, 1, 434, 4, 4, 30, 2, 144, 3, 3, 23, 3, 389, 4, 3, 29, 4, 558, 5, 4, 37, 5, 441, 4, 4, 30, 6, 569, 5, 5, 38, 7, 458, 4, 4, 30, 8, 248, 3, 3, 23, 9, 472, 4, 6, 32, 10, 628, 5, 5, 38, 11, 189, 3, 2, 22, 12, 434, 4, 5, 31, 13, 310, 4, 3, 29, 14, 453, 4, 3, 29, 15, 406, 4, 4, 30, 16, 179, 3, 3, 23, 17, 455, 4, 3, 29, 18, 544, 5, 5, 38,  , 30, 23, 29, 37, 30, 38, 30, 23, 32, 38, 22, 31, 29, 29, 30, 23, 29, 38,
http://espn.go.com/golf/player/scorecards/_/id/241/year/2006/tournamentId/260/jonathan-kaye,BellSouth Classic,3/30-04/02,Round 3,TPC Sugarloaf - Duluth- GA,,2006, 1, 434, 4, 4, 30, 2, 144, 3, 2, 22, 3, 389, 4, 5, 31, 4, 558, 5, 4, 37, 5, 441, 4, 5, 31, 6, 569, 5, 4, 37, 7, 458, 4, 5, 31, 8, 248, 3, 3, 23, 9, 472, 4, 4, 30, 10, 628, 5, 5, 38, 11, 189, 3, 3, 23, 12, 434, 4, 4, 30, 13, 310, 4, 3, 29, 14, 453, 4, 4, 30, 15, 406, 4, 4, 30, 16, 179, 3, 3, 23, 17, 455, 4, 4, 30, 18, 544, 5, 4, 37,  , 30, 22, 31, 37, 31, 37, 31, 23, 30, 38, 23, 30, 29, 30, 30, 23, 30, 37,
http://espn.go.com/golf/player/scorecards/_/id/241/year/2006/tournamentId/260/jonathan-kaye,BellSouth Classic,3/30-04/02,Round 2,TPC Sugarloaf - Duluth- GA,,2006, 1, 434, 4, 4, 30, 2, 144, 3, 3, 23, 3, 389, 4, 4, 30, 4, 558, 5, 4, 37, 5, 441, 4, 4, 30, 6, 569, 5, 4, 37, 7, 458, 4, 4, 30, 8, 248, 3, 3, 23, 9, 472, 4, 5, 31, 10, 628, 5, 5, 38, 11, 189, 3, 3, 23, 12, 434, 4, 4, 30, 13, 310, 4, 4, 30, 14, 453, 4, 4, 30, 15, 406, 4, 4, 30, 16, 179, 3, 3, 23, 17, 455, 4, 4, 30, 18, 544, 5, 4, 37,  , 30, 23, 30, 37, 30, 37, 30, 23, 31, 38, 23, 30, 30, 30, 30, 23, 30, 37,
http://espn.go.com/golf/player/scorecards/_/id/241/year/2006/tournamentId/260/jonathan-kaye,BellSouth Classic,3/30-04/02,Round 1,TPC Sugarloaf - Duluth- GA,,2006, 1, 434, 4, 4, 30, 2, 144, 3, 3, 23, 3, 389, 4, 4, 30, 4, 558, 5, 5, 38, 5, 441, 4, 4, 30, 6, 569, 5, 5, 38, 7, 458, 4, 3, 29, 8, 248, 3, 4, 24, 9, 472, 4, 5, 31, 10, 628, 5, 6, 39, 11, 189, 3, 2, 22, 12, 434, 4, 4, 30, 13, 310, 4, 4, 30, 14, 453, 4, 4, 30, 15, 406, 4, 4, 30, 16, 179, 3, 4, 24, 17, 455, 4, 4, 30, 18, 544, 5, 4, 37,  , 30, 23, 30, 38, 30, 38, 29, 24, 31, 39, 22, 30, 30, 30, 30, 24, 30, 37,
http://espn.go.com/golf/player/scorecards/_/id/241/year/2006/tournamentId/262/jonathan-kaye,Verizon Heritage,4/13-04/16,Round 2,Harbour Town Golf Links - Hilton Head- SC,,2006, 1, 410, 4, 4, 30, 2, 502, 5, 5, 38, 3, 469, 4, 4, 30, 4, 200, 3, 3, 23, 5, 540, 5, 4, 37, 6, 419, 4, 4, 30, 7, 195, 3, 3, 23, 8, 473, 4, 4, 30, 9, 332, 4, 4, 30, 10, 451, 4, 4, 30, 11, 436, 4, 4, 30, 12, 430, 4, 4, 30, 13, 373, 4, 4, 30, 14, 192, 3, 3, 23, 15, 588, 5, 5, 38, 16, 434, 4, 5, 31, 17, 185, 3, 4, 24, 18, 472, 4, 6, 32,  , 30, 38, 30, 23, 37, 30, 23, 30, 30, 30, 30, 30, 30, 23, 38, 31, 24, 32,
http://espn.go.com/golf/player/scorecards/_/id/241/year/2006/tournamentId/262/jonathan-kaye,Verizon Heritage,4/13-04/16,Round 1,Harbour Town Golf Links - Hilton Head- SC,,2006, 1, 410, 4, 4, 30, 2, 502, 5, 4, 37, 3, 469, 4, 5, 31, 4, 200, 3, 3, 23, 5, 540, 5, 4, 37, 6, 419, 4, 4, 30, 7, 195, 3, 3, 23, 8, 473, 4, 4, 30, 9, 332, 4, 3, 29, 10, 451, 4, 4, 30, 11, 436, 4, 4, 30, 12, 430, 4, 5, 31, 13, 373, 4, 4, 30, 14, 192, 3, 3, 23, 15, 588, 5, 5, 38, 16, 434, 4, 4, 30, 17, 185, 3, 2, 22, 18, 472, 4, 4, 30,  , 30, 37, 31, 23, 37, 30, 23, 30, 29, 30, 30, 31, 30, 23, 38, 30, 22, 30,
http://espn.go.com/golf/player/scorecards/_/id/241/year/2006/tournamentId/263/jonathan-kaye,Shell Houston Open,4/20-04/23,Round 4,Redstone GC Tournament Course - Humble- TX,,2006, 1, 397, 4, 4, 30, 2, 429, 4, 4, 30, 3, 398, 4, 4, 30, 4, 566, 5, 5, 38, 5, 480, 4, 5, 31, 6, 464, 4, 3, 29, 7, 174, 3, 4, 24, 8, 557, 5, 5, 38, 9, 238, 3, 4, 24, 10, 380, 4, 4, 30, 11, 441, 4, 5, 31, 12, 338, 4, 3, 29, 13, 590, 5, 5, 38, 14, 216, 3, 2, 22, 15, 608, 5, 5, 38, 16, 188, 3, 3, 23, 17, 489, 4, 4, 30, 18, 488, 4, 4, 30,  , 30, 30, 30, 38, 31, 29, 24, 38, 24, 30, 31, 29, 38, 22, 38, 23, 30, 30,
http://espn.go.com/golf/player/scorecards/_/id/241/year/2006/tournamentId/263/jonathan-kaye,Shell Houston Open,4/20-04/23,Round 3,Redstone GC Tournament Course - Humble- TX,,2006, 1, 397, 4, 4, 30, 2, 429, 4, 4, 30, 3, 398, 4, 5, 31, 4, 566, 5, 4, 37, 5, 480, 4, 4, 30, 6, 464, 4, 4, 30, 7, 174, 3, 4, 24, 8, 557, 5, 5, 38, 9, 238, 3, 2, 22, 10, 380, 4, 5, 31, 11, 441, 4, 4, 30, 12, 338, 4, 4, 30, 13, 590, 5, 4, 37, 14, 216, 3, 3, 23, 15, 608, 5, 5, 38, 16, 188, 3, 3, 23, 17, 489, 4, 4, 30, 18, 488, 4, 6, 32,  , 30, 30, 31, 37, 30, 30, 24, 38, 22, 31, 30, 30, 37, 23, 38, 23, 30, 32,
http://espn.go.com/golf/player/scorecards/_/id/241/year/2006/tournamentId/263/jonathan-kaye,Shell Houston Open,4/20-04/23,Round 2,Redstone GC Tournament Course - Humble- TX,,2006, 1, 397, 4, 4, 30, 2, 429, 4, 4, 30, 3, 398, 4, 5, 31, 4, 566, 5, 5, 38, 5, 480, 4, 3, 29, 6, 464, 4, 5, 31, 7, 174, 3, 3, 23, 8, 557, 5, 6, 39, 9, 238, 3, 3, 23, 10, 380, 4, 4, 30, 11, 441, 4, 4, 30, 12, 338, 4, 4, 30, 13, 590, 5, 5, 38, 14, 216, 3, 3, 23, 15, 608, 5, 5, 38, 16, 188, 3, 2, 22, 17, 489, 4, 5, 31, 18, 488, 4, 4, 30,  , 30, 30, 31, 38, 29, 31, 23, 39, 23, 30, 30, 30, 38, 23, 38, 22, 31, 30,
http://espn.go.com/golf/player/scorecards/_/id/241/year/2006/tournamentId/263/jonathan-kaye,Shell Houston Open,4/20-04/23,Round 1,Redstone GC Tournament Course - Humble- TX,,2006, 1, 397, 4, 4, 30, 2, 429, 4, 3, 29, 3, 398, 4, 4, 30, 4, 566, 5, 6, 39, 5, 480, 4, 4, 30, 6, 464, 4, 5, 31, 7, 174, 3, 2, 22, 8, 557, 5, 4, 37, 9, 238, 3, 3, 23, 10, 380, 4, 5, 31, 11, 441, 4, 3, 29, 12, 338, 4, 4, 30, 13, 590, 5, 4, 37, 14, 216, 3, 3, 23, 15, 608, 5, 5, 38, 16, 188, 3, 3, 23, 17, 489, 4, 4, 30, 18, 488, 4, 4, 30,  , 30, 29, 30, 39, 30, 31, 22, 37, 23, 31, 29, 30, 37, 23, 38, 23, 30, 30,
http://espn.go.com/golf/player/scorecards/_/id/241/year/2006/tournamentId/294/jonathan-kaye,Zurich Classic of New Orleans,4/27-04/30,Round 2,English Turn - New Orleans- LA,,2006, 1, 398, 4, 5, 31, 2, 539, 5, 6, 39, 3, 199, 3, 2, 22, 4, 345, 4, 4, 30, 5, 445, 4, 4, 30, 6, 554, 5, 5, 38, 7, 446, 4, 6, 32, 8, 176, 3, 2, 22, 9, 371, 4, 5, 31, 10, 423, 4, 4, 30, 11, 534, 5, 4, 37, 12, 158, 3, 3, 23, 13, 376, 4, 4, 30, 14, 467, 4, 5, 31, 15, 540, 5, 6, 39, 16, 430, 4, 4, 30, 17, 206, 3, 2, 22, 18, 471, 4, 4, 30,  , 31, 39, 22, 30, 30, 38, 32, 22, 31, 30, 37, 23, 30, 31, 39, 30, 22, 30,
http://espn.go.com/golf/player/scorecards/_/id/241/year/2006/tournamentId/294/jonathan-kaye,Zurich Classic of New Orleans,4/27-04/30,Round 1,English Turn - New Orleans- LA,,2006, 1, 398, 4, 4, 30, 2, 539, 5, 4, 37, 3, 199, 3, 4, 24, 4, 345, 4, 3, 29, 5, 445, 4, 4, 30, 6, 554, 5, 5, 38, 7, 446, 4, 5, 31, 8, 176, 3, 3, 23, 9, 371, 4, 4, 30, 10, 423, 4, 3, 29, 11, 534, 5, 5, 38, 12, 158, 3, 3, 23, 13, 376, 4, 4, 30, 14, 467, 4, 3, 29, 15, 540, 5, 5, 38, 16, 430, 4, 4, 30, 17, 206, 3, 3, 23, 18, 471, 4, 4, 30,  , 30, 37, 24, 29, 30, 38, 31, 23, 30, 29, 38, 23, 30, 29, 38, 30, 23, 30,
http://espn.go.com/golf/player/scorecards/_/id/241/year/2006/tournamentId/282/jonathan-kaye,Wachovia Championship,5/04-05/07,Round 2,Quail Hollow Club - Charlotte- NC,,2006, 1, 418, 4, 4, 30, 2, 178, 3, 3, 23, 3, 452, 4, 4, 30, 4, 483, 4, 4, 30, 5, 570, 5, 5, 38, 6, 250, 3, 3, 23, 7, 532, 5, 4, 37, 8, 350, 4, 4, 30, 9, 495, 4, 4, 30, 10, 598, 5, 5, 38, 11, 426, 4, 4, 30, 12, 456, 4, 5, 31, 13, 210, 3, 3, 23, 14, 345, 4, 3, 29, 15, 566, 5, 5, 38, 16, 487, 4, 4, 30, 17, 198, 3, 3, 23, 18, 478, 4, 4, 30,  , 30, 23, 30, 30, 38, 23, 37, 30, 30, 38, 30, 31, 23, 29, 38, 30, 23, 30,
http://espn.go.com/golf/player/scorecards/_/id/241/year/2006/tournamentId/282/jonathan-kaye,Wachovia Championship,5/04-05/07,Round 1,Quail Hollow Club - Charlotte- NC,,2006, 1, 418, 4, 4, 30, 2, 178, 3, 3, 23, 3, 452, 4, 4, 30, 4, 483, 4, 6, 32, 5, 570, 5, 5, 38, 6, 250, 3, 4, 24, 7, 532, 5, 5, 38, 8, 350, 4, 5, 31, 9, 495, 4, 5, 31, 10, 598, 5, 3, 36, 11, 426, 4, 4, 30, 12, 456, 4, 4, 30, 13, 210, 3, 4, 24, 14, 345, 4, 4, 30, 15, 566, 5, 5, 38, 16, 487, 4, 4, 30, 17, 198, 3, 5, 25, 18, 478, 4, 4, 30,  , 30, 23, 30, 32, 38, 24, 38, 31, 31, 36, 30, 30, 24, 30, 38, 30, 25, 30,
http://espn.go.com/golf/player/scorecards/_/id/241/year/2006/tournamentId/265/jonathan-kaye,Bank of America Colonial,5/18-05/21,Round 4 ,TPC Four Seasons Resort- TPC Four Seasons-Cottonwood Valley- Colonial CC - Ft. Worth- TX,Colonial CC,2006, 1, 565, 5, 5, 38, 2, 389, 4, 3, 29, 3, 483, 4, 4, 30, 4, 247, 3, 4, 24, 5, 481, 4, 4, 30, 6, 406, 4, 4, 30, 7, 440, 4, 4, 30, 8, 194, 3, 4, 24, 9, 407, 4, 4, 30, 10, 408, 4, 4, 30, 11, 635, 5, 5, 38, 12, 445, 4, 3, 29, 13, 190, 3, 5, 25, 14, 464, 4, 4, 30, 15, 430, 4, 4, 30, 16, 192, 3, 4, 24, 17, 387, 4, 4, 30, 18, 441, 4, 4, 30,  , 38, 29, 30, 24, 30, 30, 30, 24, 30, 30, 38, 29, 25, 30, 30, 24, 30, 30,
http://espn.go.com/golf/player/scorecards/_/id/241/year/2006/tournamentId/265/jonathan-kaye,Bank of America Colonial,5/18-05/21,Round 3 ,TPC Four Seasons Resort- TPC Four Seasons-Cottonwood Valley- Colonial CC - Ft. Worth- TX,Colonial CC,2006, 1, 565, 5, 5, 38, 2, 389, 4, 4, 30, 3, 483, 4, 4, 30, 4, 247, 3, 3, 23, 5, 481, 4, 4, 30, 6, 406, 4, 3, 29, 7, 440, 4, 5, 31, 8, 194, 3, 2, 22, 9, 407, 4, 4, 30, 10, 408, 4, 4, 30, 11, 635, 5, 4, 37, 12, 445, 4, 4, 30, 13, 190, 3, 3, 23, 14, 464, 4, 5, 31, 15, 430, 4, 3, 29, 16, 192, 3, 3, 23, 17, 387, 4, 4, 30, 18, 441, 4, 4, 30,  , 38, 30, 30, 23, 30, 29, 31, 22, 30, 30, 37, 30, 23, 31, 29, 23, 30, 30,
http://espn.go.com/golf/player/scorecards/_/id/241/year/2006/tournamentId/265/jonathan-kaye,Bank of America Colonial,5/18-05/21,Round 2 ,TPC Four Seasons Resort- TPC Four Seasons-Cottonwood Valley- Colonial CC - Ft. Worth- TX,Colonial CC,2006, 1, 565, 5, 4, 37, 2, 389, 4, 4, 30, 3, 483, 4, 4, 30, 4, 247, 3, 3, 23, 5, 481, 4, 4, 30, 6, 406, 4, 4, 30, 7, 440, 4, 5, 31, 8, 194, 3, 3, 23, 9, 407, 4, 4, 30, 10, 408, 4, 4, 30, 11, 635, 5, 4, 37, 12, 445, 4, 4, 30, 13, 190, 3, 3, 23, 14, 464, 4, 4, 30, 15, 430, 4, 5, 31, 16, 192, 3, 3, 23, 17, 387, 4, 4, 30, 18, 441, 4, 3, 29,  , 37, 30, 30, 23, 30, 30, 31, 23, 30, 30, 37, 30, 23, 30, 31, 23, 30, 29,
http://espn.go.com/golf/player/scorecards/_/id/241/year/2006/tournamentId/265/jonathan-kaye,Bank of America Colonial,5/18-05/21,Round 1 ,TPC Four Seasons Resort- TPC Four Seasons-Cottonwood Valley- Colonial CC - Ft. Worth- TX,Colonial CC,2006, 1, 565, 5, 5, 38, 2, 389, 4, 4, 30, 3, 483, 4, 4, 30, 4, 247, 3, 3, 23, 5, 481, 4, 4, 30, 6, 406, 4, 4, 30, 7, 440, 4, 4, 30, 8, 194, 3, 3, 23, 9, 407, 4, 4, 30, 10, 408, 4, 6, 32, 11, 635, 5, 5, 38, 12, 445, 4, 3, 29, 13, 190, 3, 2, 22, 14, 464, 4, 4, 30, 15, 430, 4, 4, 30, 16, 192, 3, 3, 23, 17, 387, 4, 4, 30, 18, 441, 4, 4, 30,  , 38, 30, 30, 23, 30, 30, 30, 23, 30, 32, 38, 29, 22, 30, 30, 23, 30, 30,
http://espn.go.com/golf/player/scorecards/_/id/241/year/2006/tournamentId/267/jonathan-kaye,the Memorial Tournament,6/01-06/04,Round 4,Muirfield Village GC - Dublin- OH,,2006, 1, 470, 4, 5, 31, 2, 455, 4, 4, 30, 3, 401, 4, 5, 31, 4, 200, 3, 4, 24, 5, 527, 5, 5, 38, 6, 447, 4, 4, 30, 7, 563, 5, 5, 38, 8, 185, 3, 3, 23, 9, 412, 4, 4, 30, 10, 471, 4, 5, 31, 11, 567, 5, 5, 38, 12, 184, 3, 3, 23, 13, 455, 4, 4, 30, 14, 363, 4, 4, 30, 15, 529, 5, 5, 38, 16, 201, 3, 3, 23, 17, 478, 4, 4, 30, 18, 444, 4, 4, 30,  , 31, 30, 31, 24, 38, 30, 38, 23, 30, 31, 38, 23, 30, 30, 38, 23, 30, 30,
http://espn.go.com/golf/player/scorecards/_/id/241/year/2006/tournamentId/267/jonathan-kaye,the Memorial Tournament,6/01-06/04,Round 3,Muirfield Village GC - Dublin- OH,,2006, 1, 470, 4, 4, 30, 2, 455, 4, 5, 31, 3, 401, 4, 4, 30, 4, 200, 3, 3, 23, 5, 527, 5, 4, 37, 6, 447, 4, 5, 31, 7, 563, 5, 4, 37, 8, 185, 3, 3, 23, 9, 412, 4, 4, 30, 10, 471, 4, 4, 30, 11, 567, 5, 5, 38, 12, 184, 3, 3, 23, 13, 455, 4, 5, 31, 14, 363, 4, 4, 30, 15, 529, 5, 4, 37, 16, 201, 3, 3, 23, 17, 478, 4, 4, 30, 18, 444, 4, 3, 29,  , 30, 31, 30, 23, 37, 31, 37, 23, 30, 30, 38, 23, 31, 30, 37, 23, 30, 29,
http://espn.go.com/golf/player/scorecards/_/id/241/year/2006/tournamentId/267/jonathan-kaye,the Memorial Tournament,6/01-06/04,Round 2,Muirfield Village GC - Dublin- OH,,2006, 1, 470, 4, 5, 31, 2, 455, 4, 3, 29, 3, 401, 4, 4, 30, 4, 200, 3, 3, 23, 5, 527, 5, 5, 38, 6, 447, 4, 5, 31, 7, 563, 5, 5, 38, 8, 185, 3, 3, 23, 9, 412, 4, 4, 30, 10, 471, 4, 4, 30, 11, 567, 5, 4, 37, 12, 184, 3, 5, 25, 13, 455, 4, 4, 30, 14, 363, 4, 4, 30, 15, 529, 5, 4, 37, 16, 201, 3, 3, 23, 17, 478, 4, 4, 30, 18, 444, 4, 4, 30,  , 31, 29, 30, 23, 38, 31, 38, 23, 30, 30, 37, 25, 30, 30, 37, 23, 30, 30,
http://espn.go.com/golf/player/scorecards/_/id/241/year/2006/tournamentId/267/jonathan-kaye,the Memorial Tournament,6/01-06/04,Round 1,Muirfield Village GC - Dublin- OH,,2006, 1, 470, 4, 4, 30, 2, 455, 4, 6, 32, 3, 401, 4, 4, 30, 4, 200, 3, 4, 24, 5, 527, 5, 4, 37, 6, 447, 4, 4, 30, 7, 563, 5, 3, 36, 8, 185, 3, 2, 22, 9, 412, 4, 4, 30, 10, 471, 4, 4, 30, 11, 567, 5, 6, 39, 12, 184, 3, 4, 24, 13, 455, 4, 4, 30, 14, 363, 4, 4, 30, 15, 529, 5, 5, 38, 16, 201, 3, 4, 24, 17, 478, 4, 4, 30, 18, 444, 4, 4, 30,  , 30, 32, 30, 24, 37, 30, 36, 22, 30, 30, 39, 24, 30, 30, 38, 24, 30, 30,
http://espn.go.com/golf/player/scorecards/_/id/241/year/2006/tournamentId/268/jonathan-kaye,Barclays Classic,6/08-06/11,Round 4,Westchester CC - Rye- NY,,2006, 1, 190, 3, 4, 24, 2, 384, 4, 4, 30, 3, 408, 4, 4, 30, 4, 419, 4, 4, 30, 5, 575, 5, 6, 39, 6, 151, 3, 3, 23, 7, 350, 4, 5, 31, 8, 471, 4, 4, 30, 9, 505, 5, 5, 38, 10, 314, 4, 4, 30, 11, 447, 4, 4, 30, 12, 485, 4, 5, 31, 13, 410, 4, 4, 30, 14, 154, 3, 3, 23, 15, 462, 4, 5, 31, 16, 214, 3, 3, 23, 17, 374, 4, 3, 29, 18, 526, 5, 5, 38,  , 24, 30, 30, 30, 39, 23, 31, 30, 38, 30, 30, 31, 30, 23, 31, 23, 29, 38,
http://espn.go.com/golf/player/scorecards/_/id/241/year/2006/tournamentId/268/jonathan-kaye,Barclays Classic,6/08-06/11,Round 3,Westchester CC - Rye- NY,,2006, 1, 190, 3, 3, 23, 2, 384, 4, 5, 31, 3, 408, 4, 4, 30, 4, 419, 4, 3, 29, 5, 575, 5, 5, 38, 6, 151, 3, 3, 23, 7, 350, 4, 4, 30, 8, 471, 4, 3, 29, 9, 505, 5, 5, 38, 10, 314, 4, 4, 30, 11, 447, 4, 5, 31, 12, 485, 4, 4, 30, 13, 410, 4, 4, 30, 14, 154, 3, 3, 23, 15, 462, 4, 4, 30, 16, 214, 3, 3, 23, 17, 374, 4, 3, 29, 18, 526, 5, 4, 37,  , 23, 31, 30, 29, 38, 23, 30, 29, 38, 30, 31, 30, 30, 23, 30, 23, 29, 37,
http://espn.go.com/golf/player/scorecards/_/id/241/year/2006/tournamentId/268/jonathan-kaye,Barclays Classic,6/08-06/11,Round 2,Westchester CC - Rye- NY,,2006, 1, 190, 3, 3, 23, 2, 384, 4, 3, 29, 3, 408, 4, 4, 30, 4, 419, 4, 4, 30, 5, 575, 5, 3, 36, 6, 151, 3, 3, 23, 7, 350, 4, 4, 30, 8, 471, 4, 5, 31, 9, 505, 5, 4, 37, 10, 314, 4, 4, 30, 11, 447, 4, 4, 30, 12, 485, 4, 5, 31, 13, 410, 4, 4, 30, 14, 154, 3, 3, 23, 15, 462, 4, 6, 32, 16, 214, 3, 3, 23, 17, 374, 4, 4, 30, 18, 526, 5, 4, 37,  , 23, 29, 30, 30, 36, 23, 30, 31, 37, 30, 30, 31, 30, 23, 32, 23, 30, 37,
http://espn.go.com/golf/player/scorecards/_/id/241/year/2006/tournamentId/268/jonathan-kaye,Barclays Classic,6/08-06/11,Round 1,Westchester CC - Rye- NY,,2006, 1, 190, 3, 3, 23, 2, 384, 4, 4, 30, 3, 408, 4, 5, 31, 4, 419, 4, 5, 31, 5, 575, 5, 5, 38, 6, 151, 3, 2, 22, 7, 350, 4, 4, 30, 8, 471, 4, 3, 29, 9, 505, 5, 4, 37, 10, 314, 4, 4, 30, 11, 447, 4, 5, 31, 12, 485, 4, 5, 31, 13, 410, 4, 4, 30, 14, 154, 3, 3, 23, 15, 462, 4, 4, 30, 16, 214, 3, 4, 24, 17, 374, 4, 4, 30, 18, 526, 5, 5, 38,  , 23, 30, 31, 31, 38, 22, 30, 29, 37, 30, 31, 31, 30, 23, 30, 24, 30, 38,
http://espn.go.com/golf/player/scorecards/_/id/241/year/2006/tournamentId/266/jonathan-kaye,Booz Allen Classic,6/22-06/25,Round 4,Tpc at Avenel - Potomac- MD,,2006, 1, 393, 4, 4, 30, 2, 622, 5, 5, 38, 3, 239, 3, 3, 23, 4, 435, 4, 4, 30, 5, 359, 4, 3, 29, 6, 520, 5, 4, 37, 7, 461, 4, 3, 29, 8, 453, 4, 4, 30, 9, 166, 3, 3, 23, 10, 374, 4, 4, 30, 11, 147, 3, 2, 22, 12, 472, 4, 4, 30, 13, 524, 5, 5, 38, 14, 301, 4, 4, 30, 15, 467, 4, 4, 30, 16, 415, 4, 3, 29, 17, 195, 3, 3, 23, 18, 444, 4, 4, 30,  , 30, 38, 23, 30, 29, 37, 29, 30, 23, 30, 22, 30, 38, 30, 30, 29, 23, 30,
http://espn.go.com/golf/player/scorecards/_/id/241/year/2006/tournamentId/266/jonathan-kaye,Booz Allen Classic,6/22-06/25,Round 3,Tpc at Avenel - Potomac- MD,,2006, 1, 393, 4, 4, 30, 2, 622, 5, 5, 38, 3, 239, 3, 3, 23, 4, 435, 4, 4, 30, 5, 359, 4, 4, 30, 6, 520, 5, 5, 38, 7, 461, 4, 3, 29, 8, 453, 4, 4, 30, 9, 166, 3, 3, 23, 10, 374, 4, 4, 30, 11, 147, 3, 3, 23, 12, 472, 4, 4, 30, 13, 524, 5, 4, 37, 14, 301, 4, 4, 30, 15, 467, 4, 3, 29, 16, 415, 4, 4, 30, 17, 195, 3, 5, 25, 18, 444, 4, 4, 30,  , 30, 38, 23, 30, 30, 38, 29, 30, 23, 30, 23, 30, 37, 30, 29, 30, 25, 30,
http://espn.go.com/golf/player/scorecards/_/id/241/year/2006/tournamentId/266/jonathan-kaye,Booz Allen Classic,6/22-06/25,Round 2,Tpc at Avenel - Potomac- MD,,2006, 1, 393, 4, 4, 30, 2, 622, 5, 4, 37, 3, 239, 3, 4, 24, 4, 435, 4, 4, 30, 5, 359, 4, 3, 29, 6, 520, 5, 4, 37, 7, 461, 4, 4, 30, 8, 453, 4, 4, 30, 9, 166, 3, 3, 23, 10, 374, 4, 4, 30, 11, 147, 3, 3, 23, 12, 472, 4, 5, 31, 13, 524, 5, 5, 38, 14, 301, 4, 3, 29, 15, 467, 4, 4, 30, 16, 415, 4, 4, 30, 17, 195, 3, 3, 23, 18, 444, 4, 5, 31,  , 30, 37, 24, 30, 29, 37, 30, 30, 23, 30, 23, 31, 38, 29, 30, 30, 23, 31,
http://espn.go.com/golf/player/scorecards/_/id/241/year/2006/tournamentId/266/jonathan-kaye,Booz Allen Classic,6/22-06/25,Round 1,Tpc at Avenel - Potomac- MD,,2006, 1, 393, 4, 4, 30, 2, 622, 5, 5, 38, 3, 239, 3, 3, 23, 4, 435, 4, 4, 30, 5, 359, 4, 4, 30, 6, 520, 5, 5, 38, 7, 461, 4, 5, 31, 8, 453, 4, 4, 30, 9, 166, 3, 3, 23, 10, 374, 4, 4, 30, 11, 147, 3, 3, 23, 12, 472, 4, 3, 29, 13, 524, 5, 4, 37, 14, 301, 4, 4, 30, 15, 467, 4, 3, 29, 16, 415, 4, 4, 30, 17, 195, 3, 2, 22, 18, 444, 4, 4, 30,  , 30, 38, 23, 30, 30, 38, 31, 30, 23, 30, 23, 29, 37, 30, 29, 30, 22, 30,
http://espn.go.com/golf/player/scorecards/_/id/241/year/2006/tournamentId/271/jonathan-kaye,Buick Championship,6/29-07/02,Round 4,TPC River Highlands - Cromwell- CT,,2006, 1, 434, 4, 4, 30, 2, 341, 4, 4, 30, 3, 431, 4, 4, 30, 4, 481, 4, 4, 30, 5, 223, 3, 3, 23, 6, 574, 5, 5, 38, 7, 443, 4, 4, 30, 8, 202, 3, 3, 23, 9, 406, 4, 4, 30, 10, 462, 4, 4, 30, 11, 158, 3, 2, 22, 12, 411, 4, 4, 30, 13, 523, 5, 4, 37, 14, 421, 4, 5, 31, 15, 296, 4, 3, 29, 16, 171, 3, 3, 23, 17, 433, 4, 4, 30, 18, 444, 4, 4, 30,  , 30, 30, 30, 30, 23, 38, 30, 23, 30, 30, 22, 30, 37, 31, 29, 23, 30, 30,
http://espn.go.com/golf/player/scorecards/_/id/241/year/2006/tournamentId/271/jonathan-kaye,Buick Championship,6/29-07/02,Round 3,TPC River Highlands - Cromwell- CT,,2006, 1, 434, 4, 4, 30, 2, 341, 4, 4, 30, 3, 431, 4, 5, 31, 4, 481, 4, 4, 30, 5, 223, 3, 3, 23, 6, 574, 5, 5, 38, 7, 443, 4, 4, 30, 8, 202, 3, 3, 23, 9, 406, 4, 4, 30, 10, 462, 4, 4, 30, 11, 158, 3, 2, 22, 12, 411, 4, 3, 29, 13, 523, 5, 6, 39, 14, 421, 4, 3, 29, 15, 296, 4, 4, 30, 16, 171, 3, 3, 23, 17, 433, 4, 5, 31, 18, 444, 4, 4, 30,  , 30, 30, 31, 30, 23, 38, 30, 23, 30, 30, 22, 29, 39, 29, 30, 23, 31, 30,
http://espn.go.com/golf/player/scorecards/_/id/241/year/2006/tournamentId/271/jonathan-kaye,Buick Championship,6/29-07/02,Round 2,TPC River Highlands - Cromwell- CT,,2006, 1, 434, 4, 4, 30, 2, 341, 4, 4, 30, 3, 431, 4, 4, 30, 4, 481, 4, 4, 30, 5, 223, 3, 4, 24, 6, 574, 5, 4, 37, 7, 443, 4, 4, 30, 8, 202, 3, 4, 24, 9, 406, 4, 3, 29, 10, 462, 4, 3, 29, 11, 158, 3, 3, 23, 12, 411, 4, 4, 30, 13, 523, 5, 4, 37, 14, 421, 4, 3, 29, 15, 296, 4, 4, 30, 16, 171, 3, 3, 23, 17, 433, 4, 5, 31, 18, 444, 4, 4, 30,  , 30, 30, 30, 30, 24, 37, 30, 24, 29, 29, 23, 30, 37, 29, 30, 23, 31, 30,
http://espn.go.com/golf/player/scorecards/_/id/241/year/2006/tournamentId/271/jonathan-kaye,Buick Championship,6/29-07/02,Round 1,TPC River Highlands - Cromwell- CT,,2006, 1, 434, 4, 4, 30, 2, 341, 4, 3, 29, 3, 431, 4, 4, 30, 4, 481, 4, 5, 31, 5, 223, 3, 3, 23, 6, 574, 5, 5, 38, 7, 443, 4, 3, 29, 8, 202, 3, 3, 23, 9, 406, 4, 4, 30, 10, 462, 4, 4, 30, 11, 158, 3, 4, 24, 12, 411, 4, 4, 30, 13, 523, 5, 5, 38, 14, 421, 4, 4, 30, 15, 296, 4, 3, 29, 16, 171, 3, 3, 23, 17, 433, 4, 4, 30, 18, 444, 4, 4, 30,  , 30, 29, 30, 31, 23, 38, 29, 23, 30, 30, 24, 30, 38, 30, 29, 23, 30, 30,
http://espn.go.com/golf/player/scorecards/_/id/241/year/2006/tournamentId/272/jonathan-kaye,Cialis Western Open,7/06-07/09,Round 4,Cog Hill G&CC - Lemont- IL,,2006, 1, 462, 4, 4, 30, 2, 228, 3, 4, 24, 3, 446, 4, 4, 30, 4, 465, 4, 3, 29, 5, 509, 4, 4, 30, 6, 244, 3, 4, 24, 7, 434, 4, 5, 31, 8, 383, 4, 5, 31, 9, 615, 5, 5, 38, 10, 386, 4, 5, 31, 11, 610, 5, 5, 38, 12, 221, 3, 3, 23, 13, 486, 4, 4, 30, 14, 218, 3, 3, 23, 15, 526, 5, 5, 38, 16, 459, 4, 4, 30, 17, 427, 4, 4, 30, 18, 497, 4, 4, 30,  , 30, 24, 30, 29, 30, 24, 31, 31, 38, 31, 38, 23, 30, 23, 38, 30, 30, 30,
http://espn.go.com/golf/player/scorecards/_/id/241/year/2006/tournamentId/272/jonathan-kaye,Cialis Western Open,7/06-07/09,Round 3,Cog Hill G&CC - Lemont- IL,,2006, 1, 462, 4, 3, 29, 2, 228, 3, 3, 23, 3, 446, 4, 4, 30, 4, 465, 4, 3, 29, 5, 509, 4, 4, 30, 6, 244, 3, 3, 23, 7, 434, 4, 5, 31, 8, 383, 4, 4, 30, 9, 615, 5, 5, 38, 10, 386, 4, 4, 30, 11, 610, 5, 6, 39, 12, 221, 3, 4, 24, 13, 486, 4, 3, 29, 14, 218, 3, 3, 23, 15, 526, 5, 5, 38, 16, 459, 4, 4, 30, 17, 427, 4, 4, 30, 18, 497, 4, 5, 31,  , 29, 23, 30, 29, 30, 23, 31, 30, 38, 30, 39, 24, 29, 23, 38, 30, 30, 31,
http://espn.go.com/golf/player/scorecards/_/id/241/year/2006/tournamentId/272/jonathan-kaye,Cialis Western Open,7/06-07/09,Round 2,Cog Hill G&CC - Lemont- IL,,2006, 1, 462, 4, 3, 29, 2, 228, 3, 3, 23, 3, 446, 4, 4, 30, 4, 465, 4, 5, 31, 5, 509, 4, 3, 29, 6, 244, 3, 3, 23, 7, 434, 4, 4, 30, 8, 383, 4, 4, 30, 9, 615, 5, 5, 38, 10, 386, 4, 3, 29, 11, 610, 5, 4, 37, 12, 221, 3, 3, 23, 13, 486, 4, 5, 31, 14, 218, 3, 4, 24, 15, 526, 5, 4, 37, 16, 459, 4, 5, 31, 17, 427, 4, 4, 30, 18, 497, 4, 4, 30,  , 29, 23, 30, 31, 29, 23, 30, 30, 38, 29, 37, 23, 31, 24, 37, 31, 30, 30,
http://espn.go.com/golf/player/scorecards/_/id/241/year/2006/tournamentId/272/jonathan-kaye,Cialis Western Open,7/06-07/09,Round 1,Cog Hill G&CC - Lemont- IL,,2006, 1, 462, 4, 4, 30, 2, 228, 3, 3, 23, 3, 446, 4, 4, 30, 4, 465, 4, 4, 30, 5, 509, 4, 4, 30, 6, 244, 3, 5, 25, 7, 434, 4, 4, 30, 8, 383, 4, 4, 30, 9, 615, 5, 4, 37, 10, 386, 4, 4, 30, 11, 610, 5, 4, 37, 12, 221, 3, 3, 23, 13, 486, 4, 4, 30, 14, 218, 3, 2, 22, 15, 526, 5, 4, 37, 16, 459, 4, 4, 30, 17, 427, 4, 4, 30, 18, 497, 4, 4, 30,  , 30, 23, 30, 30, 30, 25, 30, 30, 37, 30, 37, 23, 30, 22, 37, 30, 30, 30,
http://espn.go.com/golf/player/scorecards/_/id/241/year/2006/tournamentId/278/jonathan-kaye,John Deere Classic,7/13-07/16,Round 1,TPC Deere Run - Silvis- IL,,2006, 1, 395, 4, 4, 30, 2, 561, 5, 7, 40, 3, 186, 3, 4, 24, 4, 454, 4, 3, 29, 5, 433, 4, 4, 30, 6, 367, 4, 4, 30, 7, 226, 3, 3, 23, 8, 428, 4, 4, 30, 9, 503, 4, 5, 31, 10, 596, 5, 5, 38, 11, 432, 4, 5, 31, 12, 215, 3, 3, 23, 13, 424, 4, 4, 30, 14, 361, 4, 4, 30, 15, 484, 4, 5, 31, 16, 158, 3, 3, 23, 17, 569, 5, 4, 37, 18, 476, 4, 4, 30,  , 30, 40, 24, 29, 30, 30, 23, 30, 31, 38, 31, 23, 30, 30, 31, 23, 37, 30,
http://espn.go.com/golf/player/scorecards/_/id/241/year/2006/tournamentId/273/jonathan-kaye,Buick Open,8/03-08/06,Round 2,Warwick Hills G&CC - Grand Blanc- MI,,2006, 1, 567, 5, 4, 37, 2, 431, 4, 4, 30, 3, 187, 3, 3, 23, 4, 401, 4, 5, 31, 5, 437, 4, 4, 30, 6, 421, 4, 4, 30, 7, 584, 5, 5, 38, 8, 199, 3, 3, 23, 9, 434, 4, 4, 30, 10, 401, 4, 4, 30, 11, 190, 3, 4, 24, 12, 340, 4, 4, 30, 13, 544, 5, 5, 38, 14, 322, 4, 3, 29, 15, 457, 4, 4, 30, 16, 580, 5, 5, 38, 17, 197, 3, 3, 23, 18, 435, 4, 3, 29,  , 37, 30, 23, 31, 30, 30, 38, 23, 30, 30, 24, 30, 38, 29, 30, 38, 23, 29,
http://espn.go.com/golf/player/scorecards/_/id/241/year/2006/tournamentId/273/jonathan-kaye,Buick Open,8/03-08/06,Round 1,Warwick Hills G&CC - Grand Blanc- MI,,2006, 1, 567, 5, 5, 38, 2, 431, 4, 4, 30, 3, 187, 3, 4, 24, 4, 401, 4, 4, 30, 5, 437, 4, 5, 31, 6, 421, 4, 4, 30, 7, 584, 5, 5, 38, 8, 199, 3, 3, 23, 9, 434, 4, 3, 29, 10, 401, 4, 4, 30, 11, 190, 3, 3, 23, 12, 340, 4, 3, 29, 13, 544, 5, 6, 39, 14, 322, 4, 4, 30, 15, 457, 4, 4, 30, 16, 580, 5, 4, 37, 17, 197, 3, 3, 23, 18, 435, 4, 3, 29,  , 38, 30, 24, 30, 31, 30, 38, 23, 29, 30, 23, 29, 39, 30, 30, 37, 23, 29,
http://espn.go.com/golf/player/scorecards/_/id/241/year/2006/tournamentId/275/jonathan-kaye,The INTERNATIONAL,8/10-08/13,Round 3,Castle Pines - Castle Rock- CO,,2006, 1, 644, 5, , 41, 2, 408, 4, , 33, 3, 462, 4, , 33, 4, 230, 3, , 26, 5, 477, 4, , 33, 6, 417, 4, , 33, 7, 185, 3, , 26, 8, 570, 5, , 41, 9, 458, 4, , 33, 10, 485, 4, , 33, 11, 197, 3, , 26, 12, 440, 4, , 33, 13, 439, 4, , 33, 14, 623, 5, , 41, 15, 403, 4, , 33, 16, 209, 3, , 26, 17, 492, 5, , 41, 18, 480, 4, , 33,  , 41, 33, 33, 26, 33, 33, 26, 41, 33, 33, 26, 33, 33, 41, 33, 26, 41, 33,
http://espn.go.com/golf/player/scorecards/_/id/241/year/2006/tournamentId/275/jonathan-kaye,The INTERNATIONAL,8/10-08/13,Round 2,Castle Pines - Castle Rock- CO,,2006, 1, 644, 5, , 41, 2, 408, 4, , 33, 3, 462, 4, , 33, 4, 230, 3, , 26, 5, 477, 4, , 33, 6, 417, 4, , 33, 7, 185, 3, , 26, 8, 570, 5, , 41, 9, 458, 4, , 33, 10, 485, 4, , 33, 11, 197, 3, , 26, 12, 440, 4, , 33, 13, 439, 4, , 33, 14, 623, 5, , 41, 15, 403, 4, , 33, 16, 209, 3, , 26, 17, 492, 5, , 41, 18, 480, 4, , 33,  , 41, 33, 33, 26, 33, 33, 26, 41, 33, 33, 26, 33, 33, 41, 33, 26, 41, 33,
http://espn.go.com/golf/player/scorecards/_/id/241/year/2006/tournamentId/275/jonathan-kaye,The INTERNATIONAL,8/10-08/13,Round 1,Castle Pines - Castle Rock- CO,,2006, 1, 644, 5, , 41, 2, 408, 4, , 33, 3, 462, 4, , 33, 4, 230, 3, , 26, 5, 477, 4, , 33, 6, 417, 4, , 33, 7, 185, 3, , 26, 8, 570, 5, , 41, 9, 458, 4, , 33, 10, 485, 4, , 33, 11, 197, 3, , 26, 12, 440, 4, , 33, 13, 439, 4, , 33, 14, 623, 5, , 41, 15, 403, 4, , 33, 16, 209, 3, , 26, 17, 492, 5, , 41, 18, 480, 4, , 33,  , 41, 33, 33, 26, 33, 33, 26, 41, 33, 33, 26, 33, 33, 41, 33, 26, 41, 33,
http://espn.go.com/golf/player/scorecards/_/id/241/year/2006/tournamentId/281/jonathan-kaye,Reno-Tahoe Open,8/24-08/27,Round 4,Montreux G&CC - Reno- NV,,2006, 1, 494, 4, 3, 29, 2, 584, 5, 4, 37, 3, 186, 3, 4, 24, 4, 355, 4, 5, 31, 5, 491, 4, 4, 30, 6, 477, 4, 4, 30, 7, 183, 3, 3, 23, 8, 636, 5, 8, 41, 9, 429, 4, 4, 30, 10, 413, 4, 4, 30, 11, 171, 3, 4, 24, 12, 429, 4, 3, 29, 13, 518, 5, 3, 36, 14, 367, 4, 4, 30, 15, 439, 4, 3, 29, 16, 220, 3, 4, 24, 17, 464, 4, 5, 31, 18, 616, 5, 4, 37,  , 29, 37, 24, 31, 30, 30, 23, 41, 30, 30, 24, 29, 36, 30, 29, 24, 31, 37,
http://espn.go.com/golf/player/scorecards/_/id/241/year/2006/tournamentId/281/jonathan-kaye,Reno-Tahoe Open,8/24-08/27,Round 3,Montreux G&CC - Reno- NV,,2006, 1, 494, 4, 3, 29, 2, 584, 5, 3, 36, 3, 186, 3, 4, 24, 4, 355, 4, 5, 31, 5, 491, 4, 4, 30, 6, 477, 4, 5, 31, 7, 183, 3, 4, 24, 8, 636, 5, 5, 38, 9, 429, 4, 4, 30, 10, 413, 4, 4, 30, 11, 171, 3, 5, 25, 12, 429, 4, 3, 29, 13, 518, 5, 4, 37, 14, 367, 4, 4, 30, 15, 439, 4, 4, 30, 16, 220, 3, 4, 24, 17, 464, 4, 4, 30, 18, 616, 5, 4, 37,  , 29, 36, 24, 31, 30, 31, 24, 38, 30, 30, 25, 29, 37, 30, 30, 24, 30, 37,
http://espn.go.com/golf/player/scorecards/_/id/241/year/2006/tournamentId/281/jonathan-kaye,Reno-Tahoe Open,8/24-08/27,Round 2,Montreux G&CC - Reno- NV,,2006, 1, 494, 4, 4, 30, 2, 584, 5, 2, 35, 3, 186, 3, 4, 24, 4, 355, 4, 5, 31, 5, 491, 4, 4, 30, 6, 477, 4, 3, 29, 7, 183, 3, 5, 25, 8, 636, 5, 3, 36, 9, 429, 4, 5, 31, 10, 413, 4, 4, 30, 11, 171, 3, 5, 25, 12, 429, 4, 3, 29, 13, 518, 5, 4, 37, 14, 367, 4, 4, 30, 15, 439, 4, 4, 30, 16, 220, 3, 3, 23, 17, 464, 4, 4, 30, 18, 616, 5, 5, 38,  , 30, 35, 24, 31, 30, 29, 25, 36, 31, 30, 25, 29, 37, 30, 30, 23, 30, 38,
http://espn.go.com/golf/player/scorecards/_/id/241/year/2006/tournamentId/281/jonathan-kaye,Reno-Tahoe Open,8/24-08/27,Round 1,Montreux G&CC - Reno- NV,,2006, 1, 494, 4, 5, 31, 2, 584, 5, 3, 36, 3, 186, 3, 4, 24, 4, 355, 4, 4, 30, 5, 491, 4, 5, 31, 6, 477, 4, 4, 30, 7, 183, 3, 3, 23, 8, 636, 5, 5, 38, 9, 429, 4, 5, 31, 10, 413, 4, 4, 30, 11, 171, 3, 4, 24, 12, 429, 4, 3, 29, 13, 518, 5, 4, 37, 14, 367, 4, 5, 31, 15, 439, 4, 4, 30, 16, 220, 3, 2, 22, 17, 464, 4, 5, 31, 18, 616, 5, 3, 36,  , 31, 36, 24, 30, 31, 30, 23, 38, 31, 30, 24, 29, 37, 31, 30, 22, 31, 36,
http://espn.go.com/golf/player/scorecards/_/id/241/year/2006/tournamentId/283/jonathan-kaye,Deutsche Bank Championship,9/01-09/04,Round 4,TPC Boston - Norton- MA,,2006, 1, 365, 4, 5, 31, 2, 542, 5, 5, 38, 3, 208, 3, 3, 23, 4, 298, 4, 4, 30, 5, 466, 4, 5, 31, 6, 465, 4, 5, 31, 7, 600, 5, 4, 37, 8, 213, 3, 3, 23, 9, 472, 4, 4, 30, 10, 425, 4, 4, 30, 11, 231, 3, 4, 24, 12, 461, 4, 6, 32, 13, 451, 4, 5, 31, 14, 495, 4, 5, 31, 15, 421, 4, 3, 29, 16, 161, 3, 3, 23, 17, 412, 4, 4, 30, 18, 530, 5, 5, 38,  , 31, 38, 23, 30, 31, 31, 37, 23, 30, 30, 24, 32, 31, 31, 29, 23, 30, 38,
http://espn.go.com/golf/player/scorecards/_/id/241/year/2006/tournamentId/283/jonathan-kaye,Deutsche Bank Championship,9/01-09/04,Round 3,TPC Boston - Norton- MA,,2006, 1, 365, 4, 4, 30, 2, 542, 5, 5, 38, 3, 208, 3, 2, 22, 4, 298, 4, 4, 30, 5, 466, 4, 4, 30, 6, 465, 4, 4, 30, 7, 600, 5, 6, 39, 8, 213, 3, 3, 23, 9, 472, 4, 5, 31, 10, 425, 4, 4, 30, 11, 231, 3, 4, 24, 12, 461, 4, 4, 30, 13, 451, 4, 4, 30, 14, 495, 4, 4, 30, 15, 421, 4, 3, 29, 16, 161, 3, 3, 23, 17, 412, 4, 4, 30, 18, 530, 5, 5, 38,  , 30, 38, 22, 30, 30, 30, 39, 23, 31, 30, 24, 30, 30, 30, 29, 23, 30, 38,
http://espn.go.com/golf/player/scorecards/_/id/241/year/2006/tournamentId/283/jonathan-kaye,Deutsche Bank Championship,9/01-09/04,Round 2,TPC Boston - Norton- MA,,2006, 1, 365, 4, 4, 30, 2, 542, 5, 6, 39, 3, 208, 3, 4, 24, 4, 298, 4, 4, 30, 5, 466, 4, 4, 30, 6, 465, 4, 4, 30, 7, 600, 5, 5, 38, 8, 213, 3, 4, 24, 9, 472, 4, 4, 30, 10, 425, 4, 5, 31, 11, 231, 3, 3, 23, 12, 461, 4, 3, 29, 13, 451, 4, 4, 30, 14, 495, 4, 4, 30, 15, 421, 4, 4, 30, 16, 161, 3, 3, 23, 17, 412, 4, 4, 30, 18, 530, 5, 5, 38,  , 30, 39, 24, 30, 30, 30, 38, 24, 30, 31, 23, 29, 30, 30, 30, 23, 30, 38,
http://espn.go.com/golf/player/scorecards/_/id/241/year/2006/tournamentId/283/jonathan-kaye,Deutsche Bank Championship,9/01-09/04,Round 1,TPC Boston - Norton- MA,,2006, 1, 365, 4, 3, 29, 2, 542, 5, 4, 37, 3, 208, 3, 3, 23, 4, 298, 4, 4, 30, 5, 466, 4, 6, 32, 6, 465, 4, 4, 30, 7, 600, 5, 4, 37, 8, 213, 3, 3, 23, 9, 472, 4, 5, 31, 10, 425, 4, 4, 30, 11, 231, 3, 3, 23, 12, 461, 4, 3, 29, 13, 451, 4, 5, 31, 14, 495, 4, 4, 30, 15, 421, 4, 3, 29, 16, 161, 3, 4, 24, 17, 412, 4, 4, 30, 18, 530, 5, 4, 37,  , 29, 37, 23, 30, 32, 30, 37, 23, 31, 30, 23, 29, 31, 30, 29, 24, 30, 37,
http://espn.go.com/golf/player/scorecards/_/id/241/year/2006/tournamentId/277/jonathan-kaye,Canadian Open,9/07-09/10,Round 2,Hamilton G&CC - Ancaster- Canada,,2006, 1, 417, 4, 5, 31, 2, 442, 4, 4, 30, 3, 408, 4, 4, 30, 4, 542, 5, 5, 38, 5, 317, 4, 4, 30, 6, 224, 3, 4, 24, 7, 412, 4, 4, 30, 8, 210, 3, 3, 23, 9, 440, 4, 4, 30, 10, 392, 4, 4, 30, 11, 481, 4, 5, 31, 12, 388, 4, 4, 30, 13, 236, 3, 3, 23, 14, 450, 4, 4, 30, 15, 423, 4, 4, 30, 16, 188, 3, 2, 22, 17, 550, 5, 4, 37, 18, 446, 4, 3, 29,  , 31, 30, 30, 38, 30, 24, 30, 23, 30, 30, 31, 30, 23, 30, 30, 22, 37, 29,
http://espn.go.com/golf/player/scorecards/_/id/241/year/2006/tournamentId/277/jonathan-kaye,Canadian Open,9/07-09/10,Round 1,Hamilton G&CC - Ancaster- Canada,,2006, 1, 417, 4, 4, 30, 2, 442, 4, 4, 30, 3, 408, 4, 4, 30, 4, 542, 5, 5, 38, 5, 317, 4, 3, 29, 6, 224, 3, 4, 24, 7, 412, 4, 4, 30, 8, 210, 3, 4, 24, 9, 440, 4, 3, 29, 10, 392, 4, 4, 30, 11, 481, 4, 5, 31, 12, 388, 4, 4, 30, 13, 236, 3, 3, 23, 14, 450, 4, 4, 30, 15, 423, 4, 4, 30, 16, 188, 3, 3, 23, 17, 550, 5, 5, 38, 18, 446, 4, 4, 30,  , 30, 30, 30, 38, 29, 24, 30, 24, 29, 30, 31, 30, 23, 30, 30, 23, 38, 30,
http://espn.go.com/golf/player/scorecards/_/id/241/year/2006/tournamentId/290/jonathan-kaye,84 LUMBER Classic,9/14-09/17,Round 1,Nemacolin-Mystic Rock Course - Farmington- PA,,2006, 1, 371, 4, , 33, 2, 469, 4, , 33, 3, 231, 3, , 26, 4, 385, 4, , 33, 5, 598, 5, , 41, 6, 410, 4, , 33, 7, 223, 3, , 26, 8, 545, 5, , 41, 9, 484, 4, , 33, 10, 438, 4, , 33, 11, 634, 5, , 41, 12, 181, 3, , 26, 13, 394, 4, , 33, 14, 465, 4, , 33, 15, 463, 4, , 33, 16, 525, 5, , 41, 17, 204, 3, , 26, 18, 468, 4, , 33,  , 33, 33, 26, 33, 41, 33, 26, 41, 33, 33, 41, 26, 33, 33, 33, 41, 26, 33,
http://espn.go.com/golf/player/scorecards/_/id/241/year/2006/tournamentId/287/jonathan-kaye,Valero Texas Open,9/21-09/24,Round 4,LaCantera GC - San Antonio- TX,,2006, 1, 665, 5, 5, 38, 2, 448, 4, 5, 31, 3, 202, 3, 3, 23, 4, 444, 4, 4, 30, 5, 494, 4, 4, 30, 6, 162, 3, 4, 24, 7, 316, 4, 3, 29, 8, 361, 4, 4, 30, 9, 380, 4, 4, 30, 10, 460, 4, 4, 30, 11, 427, 4, 4, 30, 12, 415, 4, 4, 30, 13, 142, 3, 4, 24, 14, 527, 5, 5, 38, 15, 446, 4, 5, 31, 16, 380, 4, 3, 29, 17, 186, 3, 3, 23, 18, 426, 4, 4, 30,  , 38, 31, 23, 30, 30, 24, 29, 30, 30, 30, 30, 30, 24, 38, 31, 29, 23, 30,
http://espn.go.com/golf/player/scorecards/_/id/241/year/2006/tournamentId/287/jonathan-kaye,Valero Texas Open,9/21-09/24,Round 3,LaCantera GC - San Antonio- TX,,2006, 1, 665, 5, 6, 39, 2, 448, 4, 4, 30, 3, 202, 3, 3, 23, 4, 444, 4, 5, 31, 5, 494, 4, 4, 30, 6, 162, 3, 2, 22, 7, 316, 4, 5, 31, 8, 361, 4, 3, 29, 9, 380, 4, 3, 29, 10, 460, 4, 4, 30, 11, 427, 4, 4, 30, 12, 415, 4, 6, 32, 13, 142, 3, 2, 22, 14, 527, 5, 3, 36, 15, 446, 4, 3, 29, 16, 380, 4, 3, 29, 17, 186, 3, 4, 24, 18, 426, 4, 3, 29,  , 39, 30, 23, 31, 30, 22, 31, 29, 29, 30, 30, 32, 22, 36, 29, 29, 24, 29,
http://espn.go.com/golf/player/scorecards/_/id/241/year/2006/tournamentId/287/jonathan-kaye,Valero Texas Open,9/21-09/24,Round 2,LaCantera GC - San Antonio- TX,,2006, 1, 665, 5, 4, 37, 2, 448, 4, 7, 33, 3, 202, 3, 3, 23, 4, 444, 4, 3, 29, 5, 494, 4, 4, 30, 6, 162, 3, 3, 23, 7, 316, 4, 4, 30, 8, 361, 4, 4, 30, 9, 380, 4, 4, 30, 10, 460, 4, 4, 30, 11, 427, 4, 4, 30, 12, 415, 4, 4, 30, 13, 142, 3, 3, 23, 14, 527, 5, 4, 37, 15, 446, 4, 4, 30, 16, 380, 4, 3, 29, 17, 186, 3, 4, 24, 18, 426, 4, 4, 30,  , 37, 33, 23, 29, 30, 23, 30, 30, 30, 30, 30, 30, 23, 37, 30, 29, 24, 30,
http://espn.go.com/golf/player/scorecards/_/id/241/year/2006/tournamentId/287/jonathan-kaye,Valero Texas Open,9/21-09/24,Round 1,LaCantera GC - San Antonio- TX,,2006, 1, 665, 5, 5, 38, 2, 448, 4, 4, 30, 3, 202, 3, 3, 23, 4, 444, 4, 4, 30, 5, 494, 4, 4, 30, 6, 162, 3, 3, 23, 7, 316, 4, 4, 30, 8, 361, 4, 4, 30, 9, 380, 4, 4, 30, 10, 460, 4, 4, 30, 11, 427, 4, 4, 30, 12, 415, 4, 4, 30, 13, 142, 3, 3, 23, 14, 527, 5, 4, 37, 15, 446, 4, 4, 30, 16, 380, 4, 3, 29, 17, 186, 3, 3, 23, 18, 426, 4, 4, 30,  , 38, 30, 23, 30, 30, 23, 30, 30, 30, 30, 30, 30, 23, 37, 30, 29, 23, 30,
http://espn.go.com/golf/player/scorecards/_/id/241/year/2006/tournamentId/285/jonathan-kaye,Southern Farm Bureau Classic,9/28-10/01,Round 4,Annandale GC - Madison- MS,,2006, 1, 385, 4, 4, 30, 2, 213, 3, 3, 23, 3, 406, 4, 5, 31, 4, 465, 4, 3, 29, 5, 522, 5, 4, 37, 6, 424, 4, 4, 30, 7, 556, 5, 5, 38, 8, 209, 3, 3, 23, 9, 450, 4, 4, 30, 10, 410, 4, 4, 30, 11, 579, 5, 5, 38, 12, 171, 3, 3, 23, 13, 414, 4, 3, 29, 14, 473, 4, 4, 30, 15, 176, 3, 3, 23, 16, 408, 4, 5, 31, 17, 409, 4, 4, 30, 18, 532, 5, 6, 39,  , 30, 23, 31, 29, 37, 30, 38, 23, 30, 30, 38, 23, 29, 30, 23, 31, 30, 39,
http://espn.go.com/golf/player/scorecards/_/id/241/year/2006/tournamentId/285/jonathan-kaye,Southern Farm Bureau Classic,9/28-10/01,Round 3,Annandale GC - Madison- MS,,2006, 1, 385, 4, 4, 30, 2, 213, 3, 3, 23, 3, 406, 4, 3, 29, 4, 465, 4, 4, 30, 5, 522, 5, 4, 37, 6, 424, 4, 4, 30, 7, 556, 5, 4, 37, 8, 209, 3, 4, 24, 9, 450, 4, 3, 29, 10, 410, 4, 4, 30, 11, 579, 5, 5, 38, 12, 171, 3, 3, 23, 13, 414, 4, 5, 31, 14, 473, 4, 4, 30, 15, 176, 3, 3, 23, 16, 408, 4, 3, 29, 17, 409, 4, 3, 29, 18, 532, 5, 4, 37,  , 30, 23, 29, 30, 37, 30, 37, 24, 29, 30, 38, 23, 31, 30, 23, 29, 29, 37,
http://espn.go.com/golf/player/scorecards/_/id/241/year/2006/tournamentId/285/jonathan-kaye,Southern Farm Bureau Classic,9/28-10/01,Round 2,Annandale GC - Madison- MS,,2006, 1, 385, 4, 4, 30, 2, 213, 3, 4, 24, 3, 406, 4, 3, 29, 4, 465, 4, 3, 29, 5, 522, 5, 5, 38, 6, 424, 4, 4, 30, 7, 556, 5, 5, 38, 8, 209, 3, 3, 23, 9, 450, 4, 3, 29, 10, 410, 4, 4, 30, 11, 579, 5, 6, 39, 12, 171, 3, 2, 22, 13, 414, 4, 4, 30, 14, 473, 4, 4, 30, 15, 176, 3, 3, 23, 16, 408, 4, 4, 30, 17, 409, 4, 4, 30, 18, 532, 5, 5, 38,  , 30, 24, 29, 29, 38, 30, 38, 23, 29, 30, 39, 22, 30, 30, 23, 30, 30, 38,
http://espn.go.com/golf/player/scorecards/_/id/241/year/2006/tournamentId/285/jonathan-kaye,Southern Farm Bureau Classic,9/28-10/01,Round 1,Annandale GC - Madison- MS,,2006, 1, 385, 4, 4, 30, 2, 213, 3, 3, 23, 3, 406, 4, 4, 30, 4, 465, 4, 4, 30, 5, 522, 5, 5, 38, 6, 424, 4, 4, 30, 7, 556, 5, 4, 37, 8, 209, 3, 3, 23, 9, 450, 4, 4, 30, 10, 410, 4, 4, 30, 11, 579, 5, 5, 38, 12, 171, 3, 3, 23, 13, 414, 4, 4, 30, 14, 473, 4, 4, 30, 15, 176, 3, 3, 23, 16, 408, 4, 5, 31, 17, 409, 4, 4, 30, 18, 532, 5, 5, 38,  , 30, 23, 30, 30, 38, 30, 37, 23, 30, 30, 38, 23, 30, 30, 23, 31, 30, 38,
http://espn.go.com/golf/player/scorecards/_/id/241/year/2006/tournamentId/284/jonathan-kaye,Chrysler Classic of Greensboro,0/05-10/08,Round 2,Forest Oaks - Greensboro- NC,,2006, 1, 375, 4, 4, 30, 2, 557, 5, 5, 38, 3, 443, 4, 4, 30, 4, 203, 3, 3, 23, 5, 360, 4, 5, 31, 6, 455, 4, 5, 31, 7, 376, 4, 5, 31, 8, 226, 3, 3, 23, 9, 584, 5, 5, 38, 10, 437, 4, 4, 30, 11, 442, 4, 4, 30, 12, 189, 3, 3, 23, 13, 529, 5, 5, 38, 14, 462, 4, 3, 29, 15, 555, 5, 4, 37, 16, 467, 4, 5, 31, 17, 222, 3, 3, 23, 18, 451, 4, 4, 30,  , 30, 38, 30, 23, 31, 31, 31, 23, 38, 30, 30, 23, 38, 29, 37, 31, 23, 30,
http://espn.go.com/golf/player/scorecards/_/id/241/year/2006/tournamentId/284/jonathan-kaye,Chrysler Classic of Greensboro,0/05-10/08,Round 1,Forest Oaks - Greensboro- NC,,2006, 1, 375, 4, 3, 29, 2, 557, 5, 6, 39, 3, 443, 4, 4, 30, 4, 203, 3, 3, 23, 5, 360, 4, 3, 29, 6, 455, 4, 4, 30, 7, 376, 4, 4, 30, 8, 226, 3, 2, 22, 9, 584, 5, 5, 38, 10, 437, 4, 4, 30, 11, 442, 4, 5, 31, 12, 189, 3, 3, 23, 13, 529, 5, 4, 37, 14, 462, 4, 4, 30, 15, 555, 5, 5, 38, 16, 467, 4, 4, 30, 17, 222, 3, 2, 22, 18, 451, 4, 4, 30,  , 29, 39, 30, 23, 29, 30, 30, 22, 38, 30, 31, 23, 37, 30, 38, 30, 22, 30,
http://espn.go.com/golf/player/scorecards/_/id/241/year/2006/tournamentId/286/jonathan-kaye,Frys.com Open,0/12-10/15,Round 4 ,TPC Summerlin- TPC at The Canyons - Las Vegas- NV,TPC Summerlin,2006, 1, 408, 4, 4, 30, 2, 469, 4, 4, 30, 3, 492, 4, 4, 30, 4, 450, 4, 4, 30, 5, 197, 3, 4, 24, 6, 430, 4, 7, 33, 7, 382, 4, 3, 29, 8, 239, 3, 3, 23, 9, 563, 5, 5, 38, 10, 420, 4, 4, 30, 11, 448, 4, 4, 30, 12, 442, 4, 4, 30, 13, 606, 5, 5, 38, 14, 156, 3, 2, 22, 15, 341, 4, 4, 30, 16, 560, 5, 6, 39, 17, 196, 3, 3, 23, 18, 444, 4, 4, 30,  , 30, 30, 30, 30, 24, 33, 29, 23, 38, 30, 30, 30, 38, 22, 30, 39, 23, 30,
http://espn.go.com/golf/player/scorecards/_/id/241/year/2006/tournamentId/286/jonathan-kaye,Frys.com Open,0/12-10/15,Round 3 ,TPC Summerlin- TPC at The Canyons - Las Vegas- NV,TPC Summerlin,2006, 1, 408, 4, 4, 30, 2, 469, 4, 5, 31, 3, 492, 4, 5, 31, 4, 450, 4, 4, 30, 5, 197, 3, 3, 23, 6, 430, 4, 4, 30, 7, 382, 4, 4, 30, 8, 239, 3, 3, 23, 9, 563, 5, 4, 37, 10, 420, 4, 4, 30, 11, 448, 4, 3, 29, 12, 442, 4, 5, 31, 13, 606, 5, 5, 38, 14, 156, 3, 3, 23, 15, 341, 4, 5, 31, 16, 560, 5, 4, 37, 17, 196, 3, 3, 23, 18, 444, 4, 4, 30,  , 30, 31, 31, 30, 23, 30, 30, 23, 37, 30, 29, 31, 38, 23, 31, 37, 23, 30,
http://espn.go.com/golf/player/scorecards/_/id/241/year/2006/tournamentId/286/jonathan-kaye,Frys.com Open,0/12-10/15,Round 2 ,TPC Summerlin- TPC at The Canyons - Las Vegas- NV,TPC at The Canyons,2006, 1, 359, 4, 3, 29, 2, 196, 3, 2, 22, 3, 466, 4, 4, 30, 4, 544, 5, 4, 37, 5, 378, 4, 3, 29, 6, 604, 5, 6, 39, 7, 209, 3, 3, 23, 8, 458, 4, 4, 30, 9, 349, 4, 4, 30, 10, 419, 4, 4, 30, 11, 444, 4, 4, 30, 12, 145, 3, 3, 23, 13, 423, 4, 4, 30, 14, 365, 4, 4, 30, 15, 612, 5, 4, 37, 16, 202, 3, 3, 23, 17, 443, 4, 4, 30, 18, 447, 4, 4, 30,  , 29, 22, 30, 37, 29, 39, 23, 30, 30, 30, 30, 23, 30, 30, 37, 23, 30, 30,
http://espn.go.com/golf/player/scorecards/_/id/241/year/2006/tournamentId/286/jonathan-kaye,Frys.com Open,0/12-10/15,Round 1 ,TPC Summerlin- TPC at The Canyons - Las Vegas- NV,TPC Summerlin,2006, 1, 408, 4, 5, 31, 2, 469, 4, 4, 30, 3, 492, 4, 5, 31, 4, 450, 4, 4, 30, 5, 197, 3, 2, 22, 6, 430, 4, 4, 30, 7, 382, 4, 4, 30, 8, 239, 3, 4, 24, 9, 563, 5, 4, 37, 10, 420, 4, 3, 29, 11, 448, 4, 4, 30, 12, 442, 4, 4, 30, 13, 606, 5, 5, 38, 14, 156, 3, 3, 23, 15, 341, 4, 4, 30, 16, 560, 5, 5, 38, 17, 196, 3, 3, 23, 18, 444, 4, 4, 30,  , 31, 30, 31, 30, 22, 30, 30, 24, 37, 29, 30, 30, 38, 23, 30, 38, 23, 30,
http://espn.go.com/golf/player/scorecards/_/id/241/year/2006/tournamentId/288/jonathan-kaye,FUNAI Classic at the WALT DISNEY WORLD Resort,0/19-10/22,Round 2 ,Magnolia GC- Palm GC - Lake Buena Vista- FL,Palm GC,2006, 1, 498, 5, 4, 37, 2, 424, 4, 4, 30, 3, 167, 3, 3, 23, 4, 422, 4, 4, 30, 5, 410, 4, 4, 30, 6, 411, 4, 3, 29, 7, 524, 5, 4, 37, 8, 205, 3, 4, 24, 9, 380, 4, 4, 30, 10, 441, 4, 6, 32, 11, 544, 5, 5, 38, 12, 206, 3, 3, 23, 13, 358, 4, 4, 30, 14, 547, 5, 5, 38, 15, 422, 4, 3, 29, 16, 195, 3, 3, 23, 17, 399, 4, 4, 30, 18, 458, 4, 5, 31,  , 37, 30, 23, 30, 30, 29, 37, 24, 30, 32, 38, 23, 30, 38, 29, 23, 30, 31,
http://espn.go.com/golf/player/scorecards/_/id/241/year/2006/tournamentId/288/jonathan-kaye,FUNAI Classic at the WALT DISNEY WORLD Resort,0/19-10/22,Round 1 ,Magnolia GC- Palm GC - Lake Buena Vista- FL,Magnolia GC,2006, 1, 428, 4, 5, 31, 2, 417, 4, 4, 30, 3, 170, 3, 2, 22, 4, 542, 5, 5, 38, 5, 492, 4, 4, 30, 6, 231, 3, 3, 23, 7, 422, 4, 4, 30, 8, 614, 5, 5, 38, 9, 500, 4, 4, 30, 10, 526, 5, 5, 38, 11, 399, 4, 4, 30, 12, 169, 3, 3, 23, 13, 384, 4, 3, 29, 14, 592, 5, 5, 38, 15, 203, 3, 3, 23, 16, 450, 4, 4, 30, 17, 485, 4, 4, 30, 18, 492, 4, 4, 30,  , 31, 30, 22, 38, 30, 23, 30, 38, 30, 38, 30, 23, 29, 38, 23, 30, 30, 30,
http://espn.go.com/golf/player/scorecards/_/id/241/year/2006/tournamentId/291/jonathan-kaye,Chrysler Championship,0/26-10/29,Round 2,Innisbrook Resort - Copperhead - Palm Harbor- FL,,2006, 1, 560, 5, 4, 37, 2, 435, 4, 4, 30, 3, 455, 4, 6, 32, 4, 195, 3, 3, 23, 5, 605, 5, 5, 38, 6, 465, 4, 4, 30, 7, 420, 4, 4, 30, 8, 235, 3, 4, 24, 9, 430, 4, 4, 30, 10, 445, 4, 4, 30, 11, 575, 5, 5, 38, 12, 380, 4, 4, 30, 13, 200, 3, 3, 23, 14, 590, 5, 5, 38, 15, 215, 3, 4, 24, 16, 475, 4, 5, 31, 17, 215, 3, 4, 24, 18, 445, 4, 4, 30,  , 37, 30, 32, 23, 38, 30, 30, 24, 30, 30, 38, 30, 23, 38, 24, 31, 24, 30,
http://espn.go.com/golf/player/scorecards/_/id/241/year/2006/tournamentId/291/jonathan-kaye,Chrysler Championship,0/26-10/29,Round 1,Innisbrook Resort - Copperhead - Palm Harbor- FL,,2006, 1, 560, 5, 5, 38, 2, 435, 4, 5, 31, 3, 455, 4, 4, 30, 4, 195, 3, 2, 22, 5, 605, 5, 4, 37, 6, 465, 4, 4, 30, 7, 420, 4, 4, 30, 8, 235, 3, 3, 23, 9, 430, 4, 4, 30, 10, 445, 4, 4, 30, 11, 575, 5, 4, 37, 12, 380, 4, 4, 30, 13, 200, 3, 4, 24, 14, 590, 5, 4, 37, 15, 215, 3, 3, 23, 16, 475, 4, 4, 30, 17, 215, 3, 4, 24, 18, 445, 4, 4, 30,  , 38, 31, 30, 22, 37, 30, 30, 23, 30, 30, 37, 30, 24, 37, 23, 30, 24, 30,
http://espn.go.com/golf/player/scorecards/_/id/241/year/2008/tournamentId/418/jonathan-kaye,Sony Open in Hawaii,1/10-01/13,Round 2,Waialae CC - Honolulu- HI,,2008, 1, 480, 4, 4, 30, 2, 423, 4, 4, 30, 3, 422, 4, 4, 30, 4, 204, 3, 4, 24, 5, 467, 4, 4, 30, 6, 460, 4, 4, 30, 7, 176, 3, 4, 24, 8, 454, 4, 4, 30, 9, 506, 5, 5, 38, 10, 351, 4, 4, 30, 11, 194, 3, 4, 24, 12, 440, 4, 4, 30, 13, 477, 4, 4, 30, 14, 430, 4, 3, 29, 15, 398, 4, 4, 30, 16, 417, 4, 4, 30, 17, 194, 3, 4, 24, 18, 551, 5, 5, 38,  , 30, 30, 30, 24, 30, 30, 24, 30, 38, 30, 24, 30, 30, 29, 30, 30, 24, 38,
http://espn.go.com/golf/player/scorecards/_/id/241/year/2008/tournamentId/418/jonathan-kaye,Sony Open in Hawaii,1/10-01/13,Round 1,Waialae CC - Honolulu- HI,,2008, 1, 480, 4, 5, 31, 2, 423, 4, 5, 31, 3, 422, 4, 4, 30, 4, 204, 3, 3, 23, 5, 467, 4, 5, 31, 6, 460, 4, 5, 31, 7, 176, 3, 3, 23, 8, 454, 4, 3, 29, 9, 506, 5, 6, 39, 10, 351, 4, 3, 29, 11, 194, 3, 2, 22, 12, 440, 4, 4, 30, 13, 477, 4, 5, 31, 14, 430, 4, 4, 30, 15, 398, 4, 3, 29, 16, 417, 4, 4, 30, 17, 194, 3, 3, 23, 18, 551, 5, 5, 38,  , 31, 31, 30, 23, 31, 31, 23, 29, 39, 29, 22, 30, 31, 30, 29, 30, 23, 38,
http://espn.go.com/golf/player/scorecards/_/id/241/year/2008/tournamentId/415/jonathan-kaye,FBR Open,1/31-02/03,Round 2,TPC Scottsdale - Scottsdale- AZ,,2008, 1, 410, 4, 5, 31, 2, 416, 4, 4, 30, 3, 554, 5, 5, 38, 4, 175, 3, 4, 24, 5, 453, 4, 3, 29, 6, 436, 4, 4, 30, 7, 215, 3, 4, 24, 8, 470, 4, 4, 30, 9, 464, 4, 4, 30, 10, 403, 4, 4, 30, 11, 469, 4, 5, 31, 12, 195, 3, 3, 23, 13, 595, 5, 5, 38, 14, 477, 4, 4, 30, 15, 552, 5, 5, 38, 16, 162, 3, 2, 22, 17, 332, 4, 4, 30, 18, 438, 4, 4, 30,  , 31, 30, 38, 24, 29, 30, 24, 30, 30, 30, 31, 23, 38, 30, 38, 22, 30, 30,
http://espn.go.com/golf/player/scorecards/_/id/241/year/2008/tournamentId/415/jonathan-kaye,FBR Open,1/31-02/03,Round 1,TPC Scottsdale - Scottsdale- AZ,,2008, 1, 410, 4, 4, 30, 2, 416, 4, 4, 30, 3, 554, 5, 5, 38, 4, 175, 3, 3, 23, 5, 453, 4, 4, 30, 6, 436, 4, 5, 31, 7, 215, 3, 3, 23, 8, 470, 4, 4, 30, 9, 464, 4, 4, 30, 10, 403, 4, 5, 31, 11, 469, 4, 4, 30, 12, 195, 3, 3, 23, 13, 595, 5, 5, 38, 14, 477, 4, 5, 31, 15, 552, 5, 5, 38, 16, 162, 3, 3, 23, 17, 332, 4, 4, 30, 18, 438, 4, 4, 30,  , 30, 30, 38, 23, 30, 31, 23, 30, 30, 31, 30, 23, 38, 31, 38, 23, 30, 30,
http://espn.go.com/golf/player/scorecards/_/id/241/year/2008/tournamentId/416/jonathan-kaye,AT&T Pebble Beach National Pro-Am,2/07-02/10,Round 4 ,Spyglass Hill GC- Pebble Beach GL- Poppy Hills - Pebble Beach- CA,Pebble Beach GL,2008, 1, 381, 4, 5, 31, 2, 502, 5, 6, 39, 3, 390, 4, 4, 30, 4, 331, 4, 4, 30, 5, 188, 3, 3, 23, 6, 513, 5, 5, 38, 7, 106, 3, 3, 23, 8, 418, 4, 4, 30, 9, 466, 4, 4, 30, 10, 446, 4, 4, 30, 11, 380, 4, 5, 31, 12, 202, 3, 3, 23, 13, 399, 4, 4, 30, 14, 573, 5, 5, 38, 15, 397, 4, 4, 30, 16, 403, 4, 4, 30, 17, 178, 3, 5, 25, 18, 543, 5, 6, 39,  , 31, 39, 30, 30, 23, 38, 23, 30, 30, 30, 31, 23, 30, 38, 30, 30, 25, 39,
http://espn.go.com/golf/player/scorecards/_/id/241/year/2008/tournamentId/416/jonathan-kaye,AT&T Pebble Beach National Pro-Am,2/07-02/10,Round 3 ,Spyglass Hill GC- Pebble Beach GL- Poppy Hills - Pebble Beach- CA,Pebble Beach GL,2008, 1, 381, 4, 4, 30, 2, 502, 5, 4, 37, 3, 390, 4, 5, 31, 4, 331, 4, 4, 30, 5, 188, 3, 4, 24, 6, 513, 5, 4, 37, 7, 106, 3, 2, 22, 8, 418, 4, 3, 29, 9, 466, 4, 4, 30, 10, 446, 4, 3, 29, 11, 380, 4, 4, 30, 12, 202, 3, 3, 23, 13, 399, 4, 4, 30, 14, 573, 5, 6, 39, 15, 397, 4, 4, 30, 16, 403, 4, 4, 30, 17, 178, 3, 3, 23, 18, 543, 5, 5, 38,  , 30, 37, 31, 30, 24, 37, 22, 29, 30, 29, 30, 23, 30, 39, 30, 30, 23, 38,
http://espn.go.com/golf/player/scorecards/_/id/241/year/2008/tournamentId/416/jonathan-kaye,AT&T Pebble Beach National Pro-Am,2/07-02/10,Round 2 ,Spyglass Hill GC- Pebble Beach GL- Poppy Hills - Pebble Beach- CA,Spyglass Hill GC,2008, 1, 595, 5, 6, 39, 2, 349, 4, 4, 30, 3, 165, 3, 2, 22, 4, 370, 4, 4, 30, 5, 197, 3, 2, 22, 6, 446, 4, 3, 29, 7, 529, 5, 4, 37, 8, 399, 4, 4, 30, 9, 431, 4, 4, 30, 10, 407, 4, 6, 32, 11, 528, 5, 5, 38, 12, 178, 3, 2, 22, 13, 460, 4, 5, 31, 14, 560, 5, 4, 37, 15, 130, 3, 3, 23, 16, 476, 4, 4, 30, 17, 325, 4, 4, 30, 18, 408, 4, 5, 31,  , 39, 30, 22, 30, 22, 29, 37, 30, 30, 32, 38, 22, 31, 37, 23, 30, 30, 31,
http://espn.go.com/golf/player/scorecards/_/id/241/year/2008/tournamentId/416/jonathan-kaye,AT&T Pebble Beach National Pro-Am,2/07-02/10,Round 1 ,Spyglass Hill GC- Pebble Beach GL- Poppy Hills - Pebble Beach- CA,Poppy Hills,2008, 1, 413, 4, 4, 30, 2, 172, 3, 3, 23, 3, 406, 4, 5, 31, 4, 603, 5, 6, 39, 5, 428, 4, 4, 30, 6, 180, 3, 3, 23, 7, 395, 4, 4, 30, 8, 383, 4, 3, 29, 9, 555, 5, 4, 37, 10, 516, 5, 4, 37, 11, 210, 3, 4, 24, 12, 531, 5, 4, 37, 13, 396, 4, 4, 30, 14, 415, 4, 4, 30, 15, 230, 3, 3, 23, 16, 439, 4, 3, 29, 17, 170, 3, 3, 23, 18, 502, 5, 5, 38,  , 30, 23, 31, 39, 30, 23, 30, 29, 37, 37, 24, 37, 30, 30, 23, 29, 23, 38,
http://espn.go.com/golf/player/scorecards/_/id/241/year/2008/tournamentId/454/jonathan-kaye,Mayakoba Golf Classic at Riviera Maya-Cancun,2/21-02/24,Round 2,El Camaleon - Riviera Maya- Mexico,,2008, 1, 438, 4, 5, 31, 2, 428, 4, 3, 29, 3, 389, 4, 4, 30, 4, 116, 3, 5, 25, 5, 554, 5, 4, 37, 6, 416, 4, 4, 30, 7, 554, 5, 3, 36, 8, 151, 3, 5, 25, 9, 462, 4, 4, 30, 10, 200, 3, 3, 23, 11, 360, 4, 3, 29, 12, 451, 4, 5, 31, 13, 532, 5, 5, 38, 14, 452, 4, 4, 30, 15, 155, 3, 3, 23, 16, 485, 4, 4, 30, 17, 386, 4, 4, 30, 18, 458, 4, 4, 30,  , 31, 29, 30, 25, 37, 30, 36, 25, 30, 23, 29, 31, 38, 30, 23, 30, 30, 30,
http://espn.go.com/golf/player/scorecards/_/id/241/year/2008/tournamentId/454/jonathan-kaye,Mayakoba Golf Classic at Riviera Maya-Cancun,2/21-02/24,Round 1,El Camaleon - Riviera Maya- Mexico,,2008, 1, 438, 4, 5, 31, 2, 428, 4, 3, 29, 3, 389, 4, 6, 32, 4, 116, 3, 5, 25, 5, 554, 5, 4, 37, 6, 416, 4, 4, 30, 7, 554, 5, 3, 36, 8, 151, 3, 4, 24, 9, 462, 4, 3, 29, 10, 200, 3, 3, 23, 11, 360, 4, 4, 30, 12, 451, 4, 4, 30, 13, 532, 5, 6, 39, 14, 452, 4, 4, 30, 15, 155, 3, 3, 23, 16, 485, 4, 4, 30, 17, 386, 4, 4, 30, 18, 458, 4, 5, 31,  , 31, 29, 32, 25, 37, 30, 36, 24, 29, 23, 30, 30, 39, 30, 23, 30, 30, 31,
http://espn.go.com/golf/player/scorecards/_/id/241/year/2008/tournamentId/422/jonathan-kaye,Zurich Classic of New Orleans,3/27-03/30,Round 4,TPC Louisiana - Avondale- LA,,2008, 1, 399, 4, 5, 31, 2, 548, 5, 5, 38, 3, 221, 3, 3, 23, 4, 482, 4, 4, 30, 5, 438, 4, 4, 30, 6, 476, 4, 4, 30, 7, 561, 5, 5, 38, 8, 372, 4, 4, 30, 9, 207, 3, 3, 23, 10, 390, 4, 4, 30, 11, 575, 5, 4, 37, 12, 492, 4, 4, 30, 13, 403, 4, 4, 30, 14, 216, 3, 3, 23, 15, 490, 4, 4, 30, 16, 355, 4, 3, 29, 17, 215, 3, 3, 23, 18, 585, 5, 5, 38,  , 31, 38, 23, 30, 30, 30, 38, 30, 23, 30, 37, 30, 30, 23, 30, 29, 23, 38,
http://espn.go.com/golf/player/scorecards/_/id/241/year/2008/tournamentId/422/jonathan-kaye,Zurich Classic of New Orleans,3/27-03/30,Round 3,TPC Louisiana - Avondale- LA,,2008, 1, 399, 4, 4, 30, 2, 548, 5, 5, 38, 3, 221, 3, 3, 23, 4, 482, 4, 5, 31, 5, 438, 4, 4, 30, 6, 476, 4, 4, 30, 7, 561, 5, 5, 38, 8, 372, 4, 3, 29, 9, 207, 3, 3, 23, 10, 390, 4, 4, 30, 11, 575, 5, 5, 38, 12, 492, 4, 5, 31, 13, 403, 4, 4, 30, 14, 216, 3, 3, 23, 15, 490, 4, 4, 30, 16, 355, 4, 4, 30, 17, 215, 3, 5, 25, 18, 585, 5, 5, 38,  , 30, 38, 23, 31, 30, 30, 38, 29, 23, 30, 38, 31, 30, 23, 30, 30, 25, 38,
http://espn.go.com/golf/player/scorecards/_/id/241/year/2008/tournamentId/422/jonathan-kaye,Zurich Classic of New Orleans,3/27-03/30,Round 2,TPC Louisiana - Avondale- LA,,2008, 1, 399, 4, 3, 29, 2, 548, 5, 5, 38, 3, 221, 3, 3, 23, 4, 482, 4, 3, 29, 5, 438, 4, 4, 30, 6, 476, 4, 4, 30, 7, 561, 5, 4, 37, 8, 372, 4, 5, 31, 9, 207, 3, 4, 24, 10, 390, 4, 4, 30, 11, 575, 5, 5, 38, 12, 492, 4, 4, 30, 13, 403, 4, 5, 31, 14, 216, 3, 3, 23, 15, 490, 4, 4, 30, 16, 355, 4, 3, 29, 17, 215, 3, 3, 23, 18, 585, 5, 4, 37,  , 29, 38, 23, 29, 30, 30, 37, 31, 24, 30, 38, 30, 31, 23, 30, 29, 23, 37,
http://espn.go.com/golf/player/scorecards/_/id/241/year/2008/tournamentId/422/jonathan-kaye,Zurich Classic of New Orleans,3/27-03/30,Round 1,TPC Louisiana - Avondale- LA,,2008, 1, 399, 4, 4, 30, 2, 548, 5, 5, 38, 3, 221, 3, 3, 23, 4, 482, 4, 4, 30, 5, 438, 4, 4, 30, 6, 476, 4, 5, 31, 7, 561, 5, 4, 37, 8, 372, 4, 3, 29, 9, 207, 3, 3, 23, 10, 390, 4, 4, 30, 11, 575, 5, 5, 38, 12, 492, 4, 4, 30, 13, 403, 4, 4, 30, 14, 216, 3, 3, 23, 15, 490, 4, 4, 30, 16, 355, 4, 5, 31, 17, 215, 3, 5, 25, 18, 585, 5, 5, 38,  , 30, 38, 23, 30, 30, 31, 37, 29, 23, 30, 38, 30, 30, 23, 30, 31, 25, 38,
http://espn.go.com/golf/player/scorecards/_/id/241/year/2008/tournamentId/424/jonathan-kaye,AT&T Classic,5/15-05/18,Round 4,TPC Sugarloaf - Duluth- GA,,2008, 1, 434, 4, 4, 30, 2, 144, 3, 2, 22, 3, 389, 4, 4, 30, 4, 558, 5, 5, 38, 5, 441, 4, 3, 29, 6, 569, 5, 4, 37, 7, 458, 4, 5, 31, 8, 248, 3, 4, 24, 9, 472, 4, 4, 30, 10, 628, 5, 5, 38, 11, 189, 3, 3, 23, 12, 434, 4, 5, 31, 13, 310, 4, 3, 29, 14, 453, 4, 5, 31, 15, 406, 4, 4, 30, 16, 179, 3, 2, 22, 17, 455, 4, 4, 30, 18, 544, 5, 5, 38,  , 30, 22, 30, 38, 29, 37, 31, 24, 30, 38, 23, 31, 29, 31, 30, 22, 30, 38,
http://espn.go.com/golf/player/scorecards/_/id/241/year/2008/tournamentId/424/jonathan-kaye,AT&T Classic,5/15-05/18,Round 3,TPC Sugarloaf - Duluth- GA,,2008, 1, 434, 4, 4, 30, 2, 144, 3, 3, 23, 3, 389, 4, 4, 30, 4, 558, 5, 4, 37, 5, 441, 4, 4, 30, 6, 569, 5, 4, 37, 7, 458, 4, 5, 31, 8, 248, 3, 4, 24, 9, 472, 4, 4, 30, 10, 628, 5, 4, 37, 11, 189, 3, 3, 23, 12, 434, 4, 4, 30, 13, 310, 4, 4, 30, 14, 453, 4, 3, 29, 15, 406, 4, 4, 30, 16, 179, 3, 3, 23, 17, 455, 4, 5, 31, 18, 544, 5, 4, 37,  , 30, 23, 30, 37, 30, 37, 31, 24, 30, 37, 23, 30, 30, 29, 30, 23, 31, 37,
http://espn.go.com/golf/player/scorecards/_/id/241/year/2008/tournamentId/424/jonathan-kaye,AT&T Classic,5/15-05/18,Round 2,TPC Sugarloaf - Duluth- GA,,2008, 1, 434, 4, 5, 31, 2, 144, 3, 3, 23, 3, 389, 4, 4, 30, 4, 558, 5, 6, 39, 5, 441, 4, 6, 32, 6, 569, 5, 5, 38, 7, 458, 4, 4, 30, 8, 248, 3, 3, 23, 9, 472, 4, 4, 30, 10, 628, 5, 6, 39, 11, 189, 3, 2, 22, 12, 434, 4, 4, 30, 13, 310, 4, 4, 30, 14, 453, 4, 5, 31, 15, 406, 4, 4, 30, 16, 179, 3, 4, 24, 17, 455, 4, 4, 30, 18, 544, 5, 5, 38,  , 31, 23, 30, 39, 32, 38, 30, 23, 30, 39, 22, 30, 30, 31, 30, 24, 30, 38,
http://espn.go.com/golf/player/scorecards/_/id/241/year/2008/tournamentId/424/jonathan-kaye,AT&T Classic,5/15-05/18,Round 1,TPC Sugarloaf - Duluth- GA,,2008, 1, 434, 4, 4, 30, 2, 144, 3, 2, 22, 3, 389, 4, 4, 30, 4, 558, 5, 5, 38, 5, 441, 4, 4, 30, 6, 569, 5, 4, 37, 7, 458, 4, 3, 29, 8, 248, 3, 3, 23, 9, 472, 4, 4, 30, 10, 628, 5, 5, 38, 11, 189, 3, 3, 23, 12, 434, 4, 4, 30, 13, 310, 4, 4, 30, 14, 453, 4, 3, 29, 15, 406, 4, 4, 30, 16, 179, 3, 3, 23, 17, 455, 4, 3, 29, 18, 544, 5, 4, 37,  , 30, 22, 30, 38, 30, 37, 29, 23, 30, 38, 23, 30, 30, 29, 30, 23, 29, 37,
http://espn.go.com/golf/player/scorecards/_/id/241/year/2008/tournamentId/434/jonathan-kaye,Stanford St. Jude Championship,6/05-06/08,Round 2,TPC Southwind - Memphis- TN,,2008, 1, 434, 4, 5, 31, 2, 401, 4, 4, 30, 3, 554, 5, 5, 38, 4, 196, 3, 3, 23, 5, 485, 4, 4, 30, 6, 445, 4, 4, 30, 7, 482, 4, 4, 30, 8, 178, 3, 3, 23, 9, 457, 4, 4, 30, 10, 465, 4, 4, 30, 11, 157, 3, 2, 22, 12, 406, 4, 4, 30, 13, 472, 4, 4, 30, 14, 239, 3, 5, 25, 15, 395, 4, 4, 30, 16, 530, 5, 5, 38, 17, 490, 4, 4, 30, 18, 453, 4, 4, 30,  , 31, 30, 38, 23, 30, 30, 30, 23, 30, 30, 22, 30, 30, 25, 30, 38, 30, 30,
http://espn.go.com/golf/player/scorecards/_/id/241/year/2008/tournamentId/434/jonathan-kaye,Stanford St. Jude Championship,6/05-06/08,Round 1,TPC Southwind - Memphis- TN,,2008, 1, 434, 4, 4, 30, 2, 401, 4, 3, 29, 3, 554, 5, 5, 38, 4, 196, 3, 3, 23, 5, 485, 4, 5, 31, 6, 445, 4, 4, 30, 7, 482, 4, 3, 29, 8, 178, 3, 3, 23, 9, 457, 4, 5, 31, 10, 465, 4, 4, 30, 11, 157, 3, 3, 23, 12, 406, 4, 4, 30, 13, 472, 4, 5, 31, 14, 239, 3, 7, 26, 15, 395, 4, 3, 29, 16, 530, 5, 7, 40, 17, 490, 4, 5, 31, 18, 453, 4, 5, 31,  , 30, 29, 38, 23, 31, 30, 29, 23, 31, 30, 23, 30, 31, 26, 29, 40, 31, 31,
http://espn.go.com/golf/player/scorecards/_/id/241/year/2008/tournamentId/435/jonathan-kaye,Travelers Championship,6/19-06/22,Round 2,TPC River Highlands - Cromwell- CT,,2008, 1, 434, 4, 4, 30, 2, 341, 4, 4, 30, 3, 431, 4, 4, 30, 4, 481, 4, 4, 30, 5, 223, 3, 3, 23, 6, 574, 5, 5, 38, 7, 443, 4, 4, 30, 8, 202, 3, 2, 22, 9, 406, 4, 4, 30, 10, 462, 4, 5, 31, 11, 158, 3, 3, 23, 12, 411, 4, 4, 30, 13, 523, 5, 6, 39, 14, 421, 4, 4, 30, 15, 296, 4, 3, 29, 16, 171, 3, 2, 22, 17, 433, 4, 4, 30, 18, 444, 4, 5, 31,  , 30, 30, 30, 30, 23, 38, 30, 22, 30, 31, 23, 30, 39, 30, 29, 22, 30, 31,
http://espn.go.com/golf/player/scorecards/_/id/241/year/2008/tournamentId/435/jonathan-kaye,Travelers Championship,6/19-06/22,Round 1,TPC River Highlands - Cromwell- CT,,2008, 1, 434, 4, 4, 30, 2, 341, 4, 4, 30, 3, 431, 4, 4, 30, 4, 481, 4, 5, 31, 5, 223, 3, 3, 23, 6, 574, 5, 5, 38, 7, 443, 4, 4, 30, 8, 202, 3, 2, 22, 9, 406, 4, 4, 30, 10, 462, 4, 4, 30, 11, 158, 3, 3, 23, 12, 411, 4, 4, 30, 13, 523, 5, 6, 39, 14, 421, 4, 5, 31, 15, 296, 4, 3, 29, 16, 171, 3, 3, 23, 17, 433, 4, 4, 30, 18, 444, 4, 4, 30,  , 30, 30, 30, 31, 23, 38, 30, 22, 30, 30, 23, 30, 39, 31, 29, 23, 30, 30,
http://espn.go.com/golf/player/scorecards/_/id/241/year/2009/tournamentId/528/jonathan-kaye,FBR Open,1/29-02/01,Round 4,TPC Scottsdale - Scottsdale- AZ,,2009, 1, 410, 4, 5, 31, 2, 416, 4, 4, 30, 3, 554, 5, 5, 38, 4, 175, 3, 3, 23, 5, 453, 4, 4, 30, 6, 436, 4, 3, 29, 7, 215, 3, 3, 23, 8, 470, 4, 4, 30, 9, 464, 4, 3, 29, 10, 403, 4, 4, 30, 11, 469, 4, 5, 31, 12, 195, 3, 3, 23, 13, 595, 5, 4, 37, 14, 477, 4, 4, 30, 15, 552, 5, 4, 37, 16, 162, 3, 4, 24, 17, 332, 4, 4, 30, 18, 438, 4, 4, 30,  , 31, 30, 38, 23, 30, 29, 23, 30, 29, 30, 31, 23, 37, 30, 37, 24, 30, 30,
http://espn.go.com/golf/player/scorecards/_/id/241/year/2009/tournamentId/528/jonathan-kaye,FBR Open,1/29-02/01,Round 3,TPC Scottsdale - Scottsdale- AZ,,2009, 1, 410, 4, 3, 29, 2, 416, 4, 4, 30, 3, 554, 5, 5, 38, 4, 175, 3, 3, 23, 5, 453, 4, 4, 30, 6, 436, 4, 4, 30, 7, 215, 3, 3, 23, 8, 470, 4, 3, 29, 9, 464, 4, 4, 30, 10, 403, 4, 4, 30, 11, 469, 4, 4, 30, 12, 195, 3, 3, 23, 13, 595, 5, 4, 37, 14, 477, 4, 4, 30, 15, 552, 5, 6, 39, 16, 162, 3, 3, 23, 17, 332, 4, 4, 30, 18, 438, 4, 4, 30,  , 29, 30, 38, 23, 30, 30, 23, 29, 30, 30, 30, 23, 37, 30, 39, 23, 30, 30,
http://espn.go.com/golf/player/scorecards/_/id/241/year/2009/tournamentId/528/jonathan-kaye,FBR Open,1/29-02/01,Round 2,TPC Scottsdale - Scottsdale- AZ,,2009, 1, 410, 4, 4, 30, 2, 416, 4, 4, 30, 3, 554, 5, 4, 37, 4, 175, 3, 3, 23, 5, 453, 4, 5, 31, 6, 436, 4, 4, 30, 7, 215, 3, 3, 23, 8, 470, 4, 5, 31, 9, 464, 4, 4, 30, 10, 403, 4, 5, 31, 11, 469, 4, 4, 30, 12, 195, 3, 2, 22, 13, 595, 5, 6, 39, 14, 477, 4, 4, 30, 15, 552, 5, 4, 37, 16, 162, 3, 3, 23, 17, 332, 4, 3, 29, 18, 438, 4, 4, 30,  , 30, 30, 37, 23, 31, 30, 23, 31, 30, 31, 30, 22, 39, 30, 37, 23, 29, 30,
http://espn.go.com/golf/player/scorecards/_/id/241/year/2009/tournamentId/528/jonathan-kaye,FBR Open,1/29-02/01,Round 1,TPC Scottsdale - Scottsdale- AZ,,2009, 1, 410, 4, 4, 30, 2, 416, 4, 3, 29, 3, 554, 5, 5, 38, 4, 175, 3, 4, 24, 5, 453, 4, 4, 30, 6, 436, 4, 4, 30, 7, 215, 3, 3, 23, 8, 470, 4, 4, 30, 9, 464, 4, 4, 30, 10, 403, 4, 4, 30, 11, 469, 4, 4, 30, 12, 195, 3, 3, 23, 13, 595, 5, 4, 37, 14, 477, 4, 4, 30, 15, 552, 5, 5, 38, 16, 162, 3, 3, 23, 17, 332, 4, 3, 29, 18, 438, 4, 3, 29,  , 30, 29, 38, 24, 30, 30, 23, 30, 30, 30, 30, 23, 37, 30, 38, 23, 29, 29,
http://espn.go.com/golf/player/scorecards/_/id/241/year/2009/tournamentId/530/jonathan-kaye,Buick Invitational,2/05-02/08,Round 4 ,Torrey Pines (North Course)- Torrey Pines (South Course) - San Diego- CA,Torrey Pines (South Course),2009, 1, 450, 4, 5, 31, 2, 389, 4, 4, 30, 3, 200, 3, 3, 23, 4, 488, 4, 4, 30, 5, 454, 4, 4, 30, 6, 560, 5, 4, 37, 7, 462, 4, 4, 30, 8, 176, 3, 3, 23, 9, 614, 5, 5, 38, 10, 416, 4, 4, 30, 11, 221, 3, 4, 24, 12, 504, 4, 5, 31, 13, 614, 5, 4, 37, 14, 437, 4, 4, 30, 15, 478, 4, 4, 30, 16, 223, 3, 3, 23, 17, 442, 4, 5, 31, 18, 570, 5, 3, 36,  , 31, 30, 23, 30, 30, 37, 30, 23, 38, 30, 24, 31, 37, 30, 30, 23, 31, 36,
http://espn.go.com/golf/player/scorecards/_/id/241/year/2009/tournamentId/530/jonathan-kaye,Buick Invitational,2/05-02/08,Round 3 ,Torrey Pines (North Course)- Torrey Pines (South Course) - San Diego- CA,Torrey Pines (South Course),2009, 1, 450, 4, 3, 29, 2, 389, 4, 4, 30, 3, 200, 3, 3, 23, 4, 488, 4, 4, 30, 5, 454, 4, 4, 30, 6, 560, 5, 6, 39, 7, 462, 4, 4, 30, 8, 176, 3, 3, 23, 9, 614, 5, 5, 38, 10, 416, 4, 5, 31, 11, 221, 3, 3, 23, 12, 504, 4, 4, 30, 13, 614, 5, 4, 37, 14, 437, 4, 4, 30, 15, 478, 4, 4, 30, 16, 223, 3, 3, 23, 17, 442, 4, 5, 31, 18, 570, 5, 5, 38,  , 29, 30, 23, 30, 30, 39, 30, 23, 38, 31, 23, 30, 37, 30, 30, 23, 31, 38,
http://espn.go.com/golf/player/scorecards/_/id/241/year/2009/tournamentId/530/jonathan-kaye,Buick Invitational,2/05-02/08,Round 2 ,Torrey Pines (North Course)- Torrey Pines (South Course) - San Diego- CA,Torrey Pines (South Course),2009, 1, 450, 4, 5, 31, 2, 389, 4, 4, 30, 3, 200, 3, 4, 24, 4, 488, 4, 4, 30, 5, 454, 4, 4, 30, 6, 560, 5, 5, 38, 7, 462, 4, 4, 30, 8, 176, 3, 2, 22, 9, 614, 5, 5, 38, 10, 416, 4, 5, 31, 11, 221, 3, 3, 23, 12, 504, 4, 4, 30, 13, 614, 5, 4, 37, 14, 437, 4, 4, 30, 15, 478, 4, 4, 30, 16, 223, 3, 3, 23, 17, 442, 4, 4, 30, 18, 570, 5, 5, 38,  , 31, 30, 24, 30, 30, 38, 30, 22, 38, 31, 23, 30, 37, 30, 30, 23, 30, 38,
http://espn.go.com/golf/player/scorecards/_/id/241/year/2009/tournamentId/530/jonathan-kaye,Buick Invitational,2/05-02/08,Round 1 ,Torrey Pines (North Course)- Torrey Pines (South Course) - San Diego- CA,Torrey Pines (North Course),2009, 1, 519, 5, 5, 38, 2, 329, 4, 4, 30, 3, 179, 3, 3, 23, 4, 434, 4, 4, 30, 5, 411, 4, 4, 30, 6, 205, 3, 3, 23, 7, 399, 4, 5, 31, 8, 436, 4, 4, 30, 9, 547, 5, 5, 38, 10, 417, 4, 3, 29, 11, 490, 4, 4, 30, 12, 240, 3, 3, 23, 13, 471, 4, 5, 31, 14, 523, 5, 4, 37, 15, 397, 4, 4, 30, 16, 366, 4, 3, 29, 17, 174, 3, 3, 23, 18, 516, 5, 4, 37,  , 38, 30, 23, 30, 30, 23, 31, 30, 38, 29, 30, 23, 31, 37, 30, 29, 23, 37,
http://espn.go.com/golf/player/scorecards/_/id/241/year/2009/tournamentId/529/jonathan-kaye,AT&T Pebble Beach National Pro-Am,2/12-02/15,Round 3 ,Spyglass Hill GC- Pebble Beach GL- Poppy Hills - Pebble Beach- CA,Poppy Hills,2009, 1, 413, 4, 4, 30, 2, 172, 3, 3, 23, 3, 406, 4, 5, 31, 4, 603, 5, 6, 39, 5, 428, 4, 6, 32, 6, 180, 3, 3, 23, 7, 395, 4, 5, 31, 8, 383, 4, 5, 31, 9, 555, 5, 5, 38, 10, 516, 5, 3, 36, 11, 210, 3, 3, 23, 12, 531, 5, 4, 37, 13, 396, 4, 4, 30, 14, 415, 4, 4, 30, 15, 230, 3, 2, 22, 16, 439, 4, 4, 30, 17, 170, 3, 3, 23, 18, 502, 5, 5, 38,  , 30, 23, 31, 39, 32, 23, 31, 31, 38, 36, 23, 37, 30, 30, 22, 30, 23, 38,
http://espn.go.com/golf/player/scorecards/_/id/241/year/2009/tournamentId/529/jonathan-kaye,AT&T Pebble Beach National Pro-Am,2/12-02/15,Round 2 ,Spyglass Hill GC- Pebble Beach GL- Poppy Hills - Pebble Beach- CA,Spyglass Hill GC,2009, 1, 595, 5, 5, 38, 2, 349, 4, 4, 30, 3, 165, 3, 4, 24, 4, 370, 4, 4, 30, 5, 197, 3, 3, 23, 6, 446, 4, 4, 30, 7, 529, 5, 5, 38, 8, 399, 4, 4, 30, 9, 431, 4, 5, 31, 10, 407, 4, 4, 30, 11, 528, 5, 4, 37, 12, 178, 3, 4, 24, 13, 460, 4, 4, 30, 14, 560, 5, 5, 38, 15, 130, 3, 2, 22, 16, 476, 4, 4, 30, 17, 325, 4, 3, 29, 18, 408, 4, 5, 31,  , 38, 30, 24, 30, 23, 30, 38, 30, 31, 30, 37, 24, 30, 38, 22, 30, 29, 31,
http://espn.go.com/golf/player/scorecards/_/id/241/year/2009/tournamentId/529/jonathan-kaye,AT&T Pebble Beach National Pro-Am,2/12-02/15,Round 1 ,Spyglass Hill GC- Pebble Beach GL- Poppy Hills - Pebble Beach- CA,Pebble Beach GL,2009, 1, 381, 4, 4, 30, 2, 502, 5, 4, 37, 3, 390, 4, 4, 30, 4, 331, 4, 3, 29, 5, 188, 3, 4, 24, 6, 513, 5, 5, 38, 7, 106, 3, 3, 23, 8, 418, 4, 4, 30, 9, 466, 4, 4, 30, 10, 446, 4, 3, 29, 11, 380, 4, 4, 30, 12, 202, 3, 3, 23, 13, 399, 4, 4, 30, 14, 573, 5, 5, 38, 15, 397, 4, 4, 30, 16, 403, 4, 3, 29, 17, 178, 3, 3, 23, 18, 543, 5, 5, 38,  , 30, 37, 30, 29, 24, 38, 23, 30, 30, 29, 30, 23, 30, 38, 30, 29, 23, 38,
http://espn.go.com/golf/player/scorecards/_/id/241/year/2009/tournamentId/533/jonathan-kaye,The Honda Classic,3/05-03/08,Round 2,PGA National Champion Course - Palm Beach Gardens- FL,,2009, 1, 365, 4, 4, 30, 2, 464, 4, 5, 31, 3, 538, 5, 4, 37, 4, 376, 4, 4, 30, 5, 217, 3, 3, 23, 6, 479, 4, 4, 30, 7, 226, 3, 3, 23, 8, 427, 4, 4, 30, 9, 421, 4, 4, 30, 10, 508, 4, 4, 30, 11, 450, 4, 4, 30, 12, 427, 4, 5, 31, 13, 388, 4, 5, 31, 14, 465, 4, 4, 30, 15, 179, 3, 3, 23, 16, 434, 4, 4, 30, 17, 190, 3, 2, 22, 18, 556, 5, 4, 37,  , 30, 31, 37, 30, 23, 30, 23, 30, 30, 30, 30, 31, 31, 30, 23, 30, 22, 37,
http://espn.go.com/golf/player/scorecards/_/id/241/year/2009/tournamentId/533/jonathan-kaye,The Honda Classic,3/05-03/08,Round 1,PGA National Champion Course - Palm Beach Gardens- FL,,2009, 1, 365, 4, 4, 30, 2, 464, 4, 4, 30, 3, 538, 5, 4, 37, 4, 376, 4, 4, 30, 5, 217, 3, 3, 23, 6, 479, 4, 5, 31, 7, 226, 3, 3, 23, 8, 427, 4, 4, 30, 9, 421, 4, 4, 30, 10, 508, 4, 5, 31, 11, 450, 4, 4, 30, 12, 427, 4, 5, 31, 13, 388, 4, 5, 31, 14, 465, 4, 4, 30, 15, 179, 3, 3, 23, 16, 434, 4, 5, 31, 17, 190, 3, 3, 23, 18, 556, 5, 5, 38,  , 30, 30, 37, 30, 23, 31, 23, 30, 30, 31, 30, 31, 31, 30, 23, 31, 23, 38,
http://espn.go.com/golf/player/scorecards/_/id/241/year/2009/tournamentId/559/jonathan-kaye,Transitions Championship,3/19-03/22,Round 4,Innisbrook Resort - Copperhead - Palm Harbor- FL,,2009, 1, 560, 5, 5, 38, 2, 435, 4, 4, 30, 3, 455, 4, 4, 30, 4, 195, 3, 4, 24, 5, 605, 5, 5, 38, 6, 465, 4, 4, 30, 7, 420, 4, 5, 31, 8, 235, 3, 3, 23, 9, 430, 4, 4, 30, 10, 445, 4, 4, 30, 11, 575, 5, 5, 38, 12, 380, 4, 4, 30, 13, 200, 3, 4, 24, 14, 590, 5, 7, 40, 15, 215, 3, 2, 22, 16, 475, 4, 4, 30, 17, 215, 3, 5, 25, 18, 445, 4, 5, 31,  , 38, 30, 30, 24, 38, 30, 31, 23, 30, 30, 38, 30, 24, 40, 22, 30, 25, 31,
http://espn.go.com/golf/player/scorecards/_/id/241/year/2009/tournamentId/559/jonathan-kaye,Transitions Championship,3/19-03/22,Round 3,Innisbrook Resort - Copperhead - Palm Harbor- FL,,2009, 1, 560, 5, 5, 38, 2, 435, 4, 4, 30, 3, 455, 4, 4, 30, 4, 195, 3, 2, 22, 5, 605, 5, 5, 38, 6, 465, 4, 3, 29, 7, 420, 4, 4, 30, 8, 235, 3, 4, 24, 9, 430, 4, 4, 30, 10, 445, 4, 4, 30, 11, 575, 5, 4, 37, 12, 380, 4, 5, 31, 13, 200, 3, 5, 25, 14, 590, 5, 5, 38, 15, 215, 3, 4, 24, 16, 475, 4, 3, 29, 17, 215, 3, 3, 23, 18, 445, 4, 4, 30,  , 38, 30, 30, 22, 38, 29, 30, 24, 30, 30, 37, 31, 25, 38, 24, 29, 23, 30,
http://espn.go.com/golf/player/scorecards/_/id/241/year/2009/tournamentId/559/jonathan-kaye,Transitions Championship,3/19-03/22,Round 2,Innisbrook Resort - Copperhead - Palm Harbor- FL,,2009, 1, 560, 5, 4, 37, 2, 435, 4, 4, 30, 3, 455, 4, 4, 30, 4, 195, 3, 2, 22, 5, 605, 5, 5, 38, 6, 465, 4, 5, 31, 7, 420, 4, 4, 30, 8, 235, 3, 3, 23, 9, 430, 4, 4, 30, 10, 445, 4, 4, 30, 11, 575, 5, 4, 37, 12, 380, 4, 4, 30, 13, 200, 3, 3, 23, 14, 590, 5, 5, 38, 15, 215, 3, 2, 22, 16, 475, 4, 4, 30, 17, 215, 3, 3, 23, 18, 445, 4, 4, 30,  , 37, 30, 30, 22, 38, 31, 30, 23, 30, 30, 37, 30, 23, 38, 22, 30, 23, 30,
http://espn.go.com/golf/player/scorecards/_/id/241/year/2009/tournamentId/559/jonathan-kaye,Transitions Championship,3/19-03/22,Round 1,Innisbrook Resort - Copperhead - Palm Harbor- FL,,2009, 1, 560, 5, 5, 38, 2, 435, 4, 4, 30, 3, 455, 4, 4, 30, 4, 195, 3, 3, 23, 5, 605, 5, 5, 38, 6, 465, 4, 4, 30, 7, 420, 4, 3, 29, 8, 235, 3, 4, 24, 9, 430, 4, 4, 30, 10, 445, 4, 4, 30, 11, 575, 5, 6, 39, 12, 380, 4, 5, 31, 13, 200, 3, 3, 23, 14, 590, 5, 5, 38, 15, 215, 3, 4, 24, 16, 475, 4, 4, 30, 17, 215, 3, 3, 23, 18, 445, 4, 3, 29,  , 38, 30, 30, 23, 38, 30, 29, 24, 30, 30, 39, 31, 23, 38, 24, 30, 23, 29,
http://espn.go.com/golf/player/scorecards/_/id/241/year/2009/tournamentId/540/jonathan-kaye,Shell Houston Open,4/02-04/05,Round 2,Redstone GC Tournament Course - Humble- TX,,2009, 1, 397, 4, 5, 31, 2, 429, 4, 4, 30, 3, 398, 4, 4, 30, 4, 566, 5, 8, 41, 5, 480, 4, 4, 30, 6, 464, 4, 6, 32, 7, 174, 3, 2, 22, 8, 557, 5, 6, 39, 9, 238, 3, 3, 23, 10, 380, 4, 4, 30, 11, 441, 4, 4, 30, 12, 338, 4, 4, 30, 13, 590, 5, 5, 38, 14, 216, 3, 4, 24, 15, 608, 5, 5, 38, 16, 188, 3, 2, 22, 17, 489, 4, 4, 30, 18, 488, 4, 5, 31,  , 31, 30, 30, 41, 30, 32, 22, 39, 23, 30, 30, 30, 38, 24, 38, 22, 30, 31,
http://espn.go.com/golf/player/scorecards/_/id/241/year/2009/tournamentId/540/jonathan-kaye,Shell Houston Open,4/02-04/05,Round 1,Redstone GC Tournament Course - Humble- TX,,2009, 1, 397, 4, 4, 30, 2, 429, 4, 4, 30, 3, 398, 4, 4, 30, 4, 566, 5, 4, 37, 5, 480, 4, 3, 29, 6, 464, 4, 6, 32, 7, 174, 3, 4, 24, 8, 557, 5, 5, 38, 9, 238, 3, 3, 23, 10, 380, 4, 4, 30, 11, 441, 4, 4, 30, 12, 338, 4, 4, 30, 13, 590, 5, 5, 38, 14, 216, 3, 4, 24, 15, 608, 5, 5, 38, 16, 188, 3, 3, 23, 17, 489, 4, 4, 30, 18, 488, 4, 4, 30,  , 30, 30, 30, 37, 29, 32, 24, 38, 23, 30, 30, 30, 38, 24, 38, 23, 30, 30,
http://espn.go.com/golf/player/scorecards/_/id/241/year/2009/tournamentId/563/jonathan-kaye,Quail Hollow Championship,4/30-05/03,Round 4,Quail Hollow Club - Charlotte- NC,,2009, 1, 418, 4, 5, 31, 2, 178, 3, 3, 23, 3, 452, 4, 4, 30, 4, 483, 4, 4, 30, 5, 570, 5, 5, 38, 6, 250, 3, 3, 23, 7, 532, 5, 4, 37, 8, 350, 4, 4, 30, 9, 495, 4, 4, 30, 10, 598, 5, 5, 38, 11, 426, 4, 3, 29, 12, 456, 4, 4, 30, 13, 210, 3, 4, 24, 14, 345, 4, 4, 30, 15, 566, 5, 4, 37, 16, 487, 4, 4, 30, 17, 198, 3, 3, 23, 18, 478, 4, 6, 32,  , 31, 23, 30, 30, 38, 23, 37, 30, 30, 38, 29, 30, 24, 30, 37, 30, 23, 32,
http://espn.go.com/golf/player/scorecards/_/id/241/year/2009/tournamentId/563/jonathan-kaye,Quail Hollow Championship,4/30-05/03,Round 3,Quail Hollow Club - Charlotte- NC,,2009, 1, 418, 4, 4, 30, 2, 178, 3, 3, 23, 3, 452, 4, 4, 30, 4, 483, 4, 4, 30, 5, 570, 5, 4, 37, 6, 250, 3, 4, 24, 7, 532, 5, 5, 38, 8, 350, 4, 4, 30, 9, 495, 4, 4, 30, 10, 598, 5, 4, 37, 11, 426, 4, 5, 31, 12, 456, 4, 4, 30, 13, 210, 3, 3, 23, 14, 345, 4, 4, 30, 15, 566, 5, 5, 38, 16, 487, 4, 5, 31, 17, 198, 3, 4, 24, 18, 478, 4, 4, 30,  , 30, 23, 30, 30, 37, 24, 38, 30, 30, 37, 31, 30, 23, 30, 38, 31, 24, 30,
http://espn.go.com/golf/player/scorecards/_/id/241/year/2009/tournamentId/563/jonathan-kaye,Quail Hollow Championship,4/30-05/03,Round 2,Quail Hollow Club - Charlotte- NC,,2009, 1, 418, 4, 4, 30, 2, 178, 3, 3, 23, 3, 452, 4, 5, 31, 4, 483, 4, 4, 30, 5, 570, 5, 4, 37, 6, 250, 3, 3, 23, 7, 532, 5, 5, 38, 8, 350, 4, 4, 30, 9, 495, 4, 5, 31, 10, 598, 5, 5, 38, 11, 426, 4, 4, 30, 12, 456, 4, 4, 30, 13, 210, 3, 3, 23, 14, 345, 4, 4, 30, 15, 566, 5, 4, 37, 16, 487, 4, 4, 30, 17, 198, 3, 3, 23, 18, 478, 4, 4, 30,  , 30, 23, 31, 30, 37, 23, 38, 30, 31, 38, 30, 30, 23, 30, 37, 30, 23, 30,
http://espn.go.com/golf/player/scorecards/_/id/241/year/2009/tournamentId/563/jonathan-kaye,Quail Hollow Championship,4/30-05/03,Round 1,Quail Hollow Club - Charlotte- NC,,2009, 1, 418, 4, 3, 29, 2, 178, 3, 3, 23, 3, 452, 4, 4, 30, 4, 483, 4, 4, 30, 5, 570, 5, 5, 38, 6, 250, 3, 3, 23, 7, 532, 5, 6, 39, 8, 350, 4, 3, 29, 9, 495, 4, 5, 31, 10, 598, 5, 5, 38, 11, 426, 4, 3, 29, 12, 456, 4, 4, 30, 13, 210, 3, 3, 23, 14, 345, 4, 2, 28, 15, 566, 5, 4, 37, 16, 487, 4, 5, 31, 17, 198, 3, 4, 24, 18, 478, 4, 4, 30,  , 29, 23, 30, 30, 38, 23, 39, 29, 31, 38, 29, 30, 23, 28, 37, 31, 24, 30,
http://espn.go.com/golf/player/scorecards/_/id/241/year/2009/tournamentId/557/jonathan-kaye,Valero Texas Open,5/14-05/17,Round 4,LaCantera GC - San Antonio- TX,,2009, 1, 665, 5, 4, 37, 2, 448, 4, 4, 30, 3, 202, 3, 3, 23, 4, 444, 4, 4, 30, 5, 494, 4, 4, 30, 6, 162, 3, 3, 23, 7, 316, 4, 3, 29, 8, 361, 4, 4, 30, 9, 380, 4, 4, 30, 10, 460, 4, 4, 30, 11, 427, 4, 4, 30, 12, 415, 4, 4, 30, 13, 142, 3, 3, 23, 14, 527, 5, 5, 38, 15, 446, 4, 5, 31, 16, 380, 4, 3, 29, 17, 186, 3, 3, 23, 18, 426, 4, 4, 30,  , 37, 30, 23, 30, 30, 23, 29, 30, 30, 30, 30, 30, 23, 38, 31, 29, 23, 30,
http://espn.go.com/golf/player/scorecards/_/id/241/year/2009/tournamentId/557/jonathan-kaye,Valero Texas Open,5/14-05/17,Round 3,LaCantera GC - San Antonio- TX,,2009, 1, 665, 5, 4, 37, 2, 448, 4, 4, 30, 3, 202, 3, 3, 23, 4, 444, 4, 3, 29, 5, 494, 4, 4, 30, 6, 162, 3, 3, 23, 7, 316, 4, 3, 29, 8, 361, 4, 4, 30, 9, 380, 4, 3, 29, 10, 460, 4, 3, 29, 11, 427, 4, 3, 29, 12, 415, 4, 3, 29, 13, 142, 3, 3, 23, 14, 527, 5, 5, 38, 15, 446, 4, 4, 30, 16, 380, 4, 4, 30, 17, 186, 3, 3, 23, 18, 426, 4, 4, 30,  , 37, 30, 23, 29, 30, 23, 29, 30, 29, 29, 29, 29, 23, 38, 30, 30, 23, 30,
http://espn.go.com/golf/player/scorecards/_/id/241/year/2009/tournamentId/557/jonathan-kaye,Valero Texas Open,5/14-05/17,Round 2,LaCantera GC - San Antonio- TX,,2009, 1, 665, 5, 5, 38, 2, 448, 4, 4, 30, 3, 202, 3, 4, 24, 4, 444, 4, 4, 30, 5, 494, 4, 4, 30, 6, 162, 3, 2, 22, 7, 316, 4, 3, 29, 8, 361, 4, 4, 30, 9, 380, 4, 4, 30, 10, 460, 4, 4, 30, 11, 427, 4, 4, 30, 12, 415, 4, 4, 30, 13, 142, 3, 3, 23, 14, 527, 5, 4, 37, 15, 446, 4, 4, 30, 16, 380, 4, 4, 30, 17, 186, 3, 3, 23, 18, 426, 4, 4, 30,  , 38, 30, 24, 30, 30, 22, 29, 30, 30, 30, 30, 30, 23, 37, 30, 30, 23, 30,
http://espn.go.com/golf/player/scorecards/_/id/241/year/2009/tournamentId/557/jonathan-kaye,Valero Texas Open,5/14-05/17,Round 1,LaCantera GC - San Antonio- TX,,2009, 1, 665, 5, 5, 38, 2, 448, 4, 5, 31, 3, 202, 3, 3, 23, 4, 444, 4, 4, 30, 5, 494, 4, 4, 30, 6, 162, 3, 3, 23, 7, 316, 4, 4, 30, 8, 361, 4, 3, 29, 9, 380, 4, 5, 31, 10, 460, 4, 4, 30, 11, 427, 4, 4, 30, 12, 415, 4, 3, 29, 13, 142, 3, 3, 23, 14, 527, 5, 6, 39, 15, 446, 4, 4, 30, 16, 380, 4, 4, 30, 17, 186, 3, 3, 23, 18, 426, 4, 4, 30,  , 38, 31, 23, 30, 30, 23, 30, 29, 31, 30, 30, 29, 23, 39, 30, 30, 23, 30,
http://espn.go.com/golf/player/scorecards/_/id/241/year/2009/tournamentId/541/jonathan-kaye,HP Byron Nelson Championship,5/21-05/24,Round 2,TPC Four Seasons Resort - Irving- TX,,2009, 1, 458, 4, 4, 30, 2, 221, 3, 3, 23, 3, 528, 4, 3, 29, 4, 431, 4, 4, 30, 5, 174, 3, 2, 22, 6, 448, 4, 3, 29, 7, 542, 5, 5, 38, 8, 461, 4, 5, 31, 9, 427, 4, 5, 31, 10, 435, 4, 4, 30, 11, 323, 4, 4, 30, 12, 455, 4, 4, 30, 13, 180, 3, 3, 23, 14, 406, 4, 3, 29, 15, 504, 4, 4, 30, 16, 546, 5, 5, 38, 17, 198, 3, 3, 23, 18, 429, 4, 4, 30,  , 30, 23, 29, 30, 22, 29, 38, 31, 31, 30, 30, 30, 23, 29, 30, 38, 23, 30,
http://espn.go.com/golf/player/scorecards/_/id/241/year/2009/tournamentId/541/jonathan-kaye,HP Byron Nelson Championship,5/21-05/24,Round 1,TPC Four Seasons Resort - Irving- TX,,2009, 1, 458, 4, 4, 30, 2, 221, 3, 3, 23, 3, 528, 4, 4, 30, 4, 431, 4, 4, 30, 5, 174, 3, 4, 24, 6, 448, 4, 3, 29, 7, 542, 5, 5, 38, 8, 461, 4, 4, 30, 9, 427, 4, 5, 31, 10, 435, 4, 5, 31, 11, 323, 4, 4, 30, 12, 455, 4, 5, 31, 13, 180, 3, 3, 23, 14, 406, 4, 4, 30, 15, 504, 4, 4, 30, 16, 546, 5, 4, 37, 17, 198, 3, 4, 24, 18, 429, 4, 4, 30,  , 30, 23, 30, 30, 24, 29, 38, 30, 31, 31, 30, 31, 23, 30, 30, 37, 24, 30,
http://espn.go.com/golf/player/scorecards/_/id/241/year/2009/tournamentId/546/jonathan-kaye,St. Jude Classic presented by FedEx,6/11-06/14,Round 2,TPC Southwind - Memphis- TN,,2009, 1, 434, 4, 4, 30, 2, 401, 4, 4, 30, 3, 554, 5, 5, 38, 4, 196, 3, 3, 23, 5, 485, 4, 5, 31, 6, 445, 4, 4, 30, 7, 482, 4, 4, 30, 8, 178, 3, 3, 23, 9, 457, 4, 4, 30, 10, 465, 4, 4, 30, 11, 157, 3, 3, 23, 12, 406, 4, 4, 30, 13, 472, 4, 4, 30, 14, 239, 3, 3, 23, 15, 395, 4, 4, 30, 16, 530, 5, 4, 37, 17, 490, 4, , 33, 18, 453, 4, , 33,  , 30, 30, 38, 23, 31, 30, 30, 23, 30, 30, 23, 30, 30, 23, 30, 37, 33, 33,
http://espn.go.com/golf/player/scorecards/_/id/241/year/2009/tournamentId/546/jonathan-kaye,St. Jude Classic presented by FedEx,6/11-06/14,Round 1,TPC Southwind - Memphis- TN,,2009, 1, 434, 4, 4, 30, 2, 401, 4, 3, 29, 3, 554, 5, 5, 38, 4, 196, 3, 3, 23, 5, 485, 4, 5, 31, 6, 445, 4, 4, 30, 7, 482, 4, 4, 30, 8, 178, 3, 3, 23, 9, 457, 4, 3, 29, 10, 465, 4, 4, 30, 11, 157, 3, 5, 25, 12, 406, 4, 4, 30, 13, 472, 4, 4, 30, 14, 239, 3, 3, 23, 15, 395, 4, 6, 32, 16, 530, 5, 5, 38, 17, 490, 4, 6, 32, 18, 453, 4, 4, 30,  , 30, 29, 38, 23, 31, 30, 30, 23, 29, 30, 25, 30, 30, 23, 32, 38, 32, 30,
http://espn.go.com/golf/player/scorecards/_/id/241/year/2009/tournamentId/547/jonathan-kaye,Travelers Championship,6/25-06/28,Round 2,TPC River Highlands - Cromwell- CT,,2009, 1, 434, 4, 4, 30, 2, 341, 4, 5, 31, 3, 431, 4, 4, 30, 4, 481, 4, 4, 30, 5, 223, 3, 3, 23, 6, 574, 5, 5, 38, 7, 443, 4, 4, 30, 8, 202, 3, 3, 23, 9, 406, 4, 4, 30, 10, 462, 4, 5, 31, 11, 158, 3, 3, 23, 12, 411, 4, 4, 30, 13, 523, 5, 4, 37, 14, 421, 4, 4, 30, 15, 296, 4, 4, 30, 16, 171, 3, 3, 23, 17, 433, 4, 4, 30, 18, 444, 4, 4, 30,  , 30, 31, 30, 30, 23, 38, 30, 23, 30, 31, 23, 30, 37, 30, 30, 23, 30, 30,
http://espn.go.com/golf/player/scorecards/_/id/241/year/2009/tournamentId/547/jonathan-kaye,Travelers Championship,6/25-06/28,Round 1,TPC River Highlands - Cromwell- CT,,2009, 1, 434, 4, 4, 30, 2, 341, 4, 4, 30, 3, 431, 4, 3, 29, 4, 481, 4, 4, 30, 5, 223, 3, 3, 23, 6, 574, 5, 5, 38, 7, 443, 4, 4, 30, 8, 202, 3, 4, 24, 9, 406, 4, 3, 29, 10, 462, 4, 4, 30, 11, 158, 3, 3, 23, 12, 411, 4, 4, 30, 13, 523, 5, 6, 39, 14, 421, 4, 4, 30, 15, 296, 4, 3, 29, 16, 171, 3, 2, 22, 17, 433, 4, 3, 29, 18, 444, 4, 5, 31,  , 30, 30, 29, 30, 23, 38, 30, 24, 29, 30, 23, 30, 39, 30, 29, 22, 29, 31,
http://espn.go.com/golf/player/scorecards/_/id/241/year/2009/tournamentId/555/jonathan-kaye,John Deere Classic,7/09-07/12,Round 2,TPC Deere Run - Silvis- IL,,2009, 1, 395, 4, 4, 30, 2, 561, 5, 5, 38, 3, 186, 3, 4, 24, 4, 454, 4, 4, 30, 5, 433, 4, 4, 30, 6, 367, 4, 4, 30, 7, 226, 3, 3, 23, 8, 428, 4, 3, 29, 9, 503, 4, 5, 31, 10, 596, 5, 5, 38, 11, 432, 4, 3, 29, 12, 215, 3, 3, 23, 13, 424, 4, 4, 30, 14, 361, 4, 4, 30, 15, 484, 4, 4, 30, 16, 158, 3, 2, 22, 17, 569, 5, 4, 37, 18, 476, 4, 4, 30,  , 30, 38, 24, 30, 30, 30, 23, 29, 31, 38, 29, 23, 30, 30, 30, 22, 37, 30,
http://espn.go.com/golf/player/scorecards/_/id/241/year/2009/tournamentId/555/jonathan-kaye,John Deere Classic,7/09-07/12,Round 1,TPC Deere Run - Silvis- IL,,2009, 1, 395, 4, 5, 31, 2, 561, 5, 4, 37, 3, 186, 3, 3, 23, 4, 454, 4, 4, 30, 5, 433, 4, 5, 31, 6, 367, 4, 3, 29, 7, 226, 3, 3, 23, 8, 428, 4, 5, 31, 9, 503, 4, 5, 31, 10, 596, 5, 5, 38, 11, 432, 4, 5, 31, 12, 215, 3, 4, 24, 13, 424, 4, 3, 29, 14, 361, 4, 4, 30, 15, 484, 4, 5, 31, 16, 158, 3, 3, 23, 17, 569, 5, 5, 38, 18, 476, 4, 5, 31,  , 31, 37, 23, 30, 31, 29, 23, 31, 31, 38, 31, 24, 29, 30, 31, 23, 38, 31,
http://espn.go.com/golf/player/scorecards/_/id/241/year/2009/tournamentId/553/jonathan-kaye,U.S. Bank Championship in Milwaukee,7/16-07/19,Round 4,Brown Deer Park GC - Milwaukee- WI,,2009, 1, 461, 4, 4, 30, 2, 417, 4, 4, 30, 3, 171, 3, 3, 23, 4, 485, 4, 4, 30, 5, 164, 3, 2, 22, 6, 556, 5, 4, 37, 7, 215, 3, 3, 23, 8, 436, 4, 3, 29, 9, 359, 4, 4, 30, 10, 447, 4, 5, 31, 11, 196, 3, 4, 24, 12, 381, 4, 5, 31, 13, 437, 4, 4, 30, 14, 188, 3, 3, 23, 15, 531, 5, 6, 39, 16, 371, 4, 4, 30, 17, 387, 4, 4, 30, 18, 557, 5, 4, 37,  , 30, 30, 23, 30, 22, 37, 23, 29, 30, 31, 24, 31, 30, 23, 39, 30, 30, 37,
http://espn.go.com/golf/player/scorecards/_/id/241/year/2009/tournamentId/553/jonathan-kaye,U.S. Bank Championship in Milwaukee,7/16-07/19,Round 3,Brown Deer Park GC - Milwaukee- WI,,2009, 1, 461, 4, 4, 30, 2, 417, 4, 4, 30, 3, 171, 3, 4, 24, 4, 485, 4, 4, 30, 5, 164, 3, 4, 24, 6, 556, 5, 5, 38, 7, 215, 3, 1, 21, 8, 436, 4, 4, 30, 9, 359, 4, 3, 29, 10, 447, 4, 4, 30, 11, 196, 3, 3, 23, 12, 381, 4, 4, 30, 13, 437, 4, 4, 30, 14, 188, 3, 4, 24, 15, 531, 5, 4, 37, 16, 371, 4, 4, 30, 17, 387, 4, 6, 32, 18, 557, 5, 7, 40,  , 30, 30, 24, 30, 24, 38, 21, 30, 29, 30, 23, 30, 30, 24, 37, 30, 32, 40,
http://espn.go.com/golf/player/scorecards/_/id/241/year/2009/tournamentId/553/jonathan-kaye,U.S. Bank Championship in Milwaukee,7/16-07/19,Round 2,Brown Deer Park GC - Milwaukee- WI,,2009, 1, 461, 4, 4, 30, 2, 417, 4, 4, 30, 3, 171, 3, 3, 23, 4, 485, 4, 5, 31, 5, 164, 3, 3, 23, 6, 556, 5, 4, 37, 7, 215, 3, 3, 23, 8, 436, 4, 2, 28, 9, 359, 4, 4, 30, 10, 447, 4, 4, 30, 11, 196, 3, 3, 23, 12, 381, 4, 4, 30, 13, 437, 4, 4, 30, 14, 188, 3, 3, 23, 15, 531, 5, 5, 38, 16, 371, 4, 4, 30, 17, 387, 4, 4, 30, 18, 557, 5, 4, 37,  , 30, 30, 23, 31, 23, 37, 23, 28, 30, 30, 23, 30, 30, 23, 38, 30, 30, 37,
http://espn.go.com/golf/player/scorecards/_/id/241/year/2009/tournamentId/553/jonathan-kaye,U.S. Bank Championship in Milwaukee,7/16-07/19,Round 1,Brown Deer Park GC - Milwaukee- WI,,2009, 1, 461, 4, 4, 30, 2, 417, 4, 4, 30, 3, 171, 3, 3, 23, 4, 485, 4, 4, 30, 5, 164, 3, 3, 23, 6, 556, 5, 5, 38, 7, 215, 3, 3, 23, 8, 436, 4, 4, 30, 9, 359, 4, 3, 29, 10, 447, 4, 5, 31, 11, 196, 3, 4, 24, 12, 381, 4, 4, 30, 13, 437, 4, 4, 30, 14, 188, 3, 4, 24, 15, 531, 5, 4, 37, 16, 371, 4, 4, 30, 17, 387, 4, 4, 30, 18, 557, 5, 4, 37,  , 30, 30, 23, 30, 23, 38, 23, 30, 29, 31, 24, 30, 30, 24, 37, 30, 30, 37,
http://espn.go.com/golf/player/scorecards/_/id/241/year/2009/tournamentId/554/jonathan-kaye,RBC Canadian Open,7/23-07/27,Round 2,Glen Abbey GC - Oakville-Ontario- Canada,,2009, 1, 417, 4, 4, 30, 2, 527, 5, 5, 38, 3, 437, 4, 4, 30, 4, 197, 3, 4, 24, 5, 433, 4, 4, 30, 6, 458, 4, 4, 30, 7, 156, 3, 3, 23, 8, 485, 4, 5, 31, 9, 414, 4, 4, 30, 10, 443, 4, 5, 31, 11, 452, 4, 4, 30, 12, 202, 3, 3, 23, 13, 558, 5, 5, 38, 14, 457, 4, 3, 29, 15, 141, 3, 2, 22, 16, 516, 5, 4, 37, 17, 436, 4, 3, 29, 18, 524, 5, 5, 38,  , 30, 38, 30, 24, 30, 30, 23, 31, 30, 31, 30, 23, 38, 29, 22, 37, 29, 38,
http://espn.go.com/golf/player/scorecards/_/id/241/year/2009/tournamentId/554/jonathan-kaye,RBC Canadian Open,7/23-07/27,Round 1,Glen Abbey GC - Oakville-Ontario- Canada,,2009, 1, 417, 4, 4, 30, 2, 527, 5, 4, 37, 3, 437, 4, 4, 30, 4, 197, 3, 3, 23, 5, 433, 4, 4, 30, 6, 458, 4, 4, 30, 7, 156, 3, 3, 23, 8, 485, 4, 3, 29, 9, 414, 4, 4, 30, 10, 443, 4, 5, 31, 11, 452, 4, 4, 30, 12, 202, 3, 3, 23, 13, 558, 5, 6, 39, 14, 457, 4, 5, 31, 15, 141, 3, 3, 23, 16, 516, 5, 4, 37, 17, 436, 4, 4, 30, 18, 524, 5, 5, 38,  , 30, 37, 30, 23, 30, 30, 23, 29, 30, 31, 30, 23, 39, 31, 23, 37, 30, 38,
http://espn.go.com/golf/player/scorecards/_/id/241/year/2009/tournamentId/550/jonathan-kaye,Buick Open,7/30-08/02,Round 4,Warwick Hills G&CC - Grand Blanc- MI,,2009, 1, 567, 5, 5, 38, 2, 431, 4, 3, 29, 3, 187, 3, 4, 24, 4, 401, 4, 3, 29, 5, 437, 4, 4, 30, 6, 421, 4, 4, 30, 7, 584, 5, 5, 38, 8, 199, 3, 4, 24, 9, 434, 4, 4, 30, 10, 401, 4, 3, 29, 11, 190, 3, 3, 23, 12, 340, 4, 4, 30, 13, 544, 5, 7, 40, 14, 322, 4, 3, 29, 15, 457, 4, 4, 30, 16, 580, 5, 4, 37, 17, 197, 3, 3, 23, 18, 435, 4, 4, 30,  , 38, 29, 24, 29, 30, 30, 38, 24, 30, 29, 23, 30, 40, 29, 30, 37, 23, 30,
http://espn.go.com/golf/player/scorecards/_/id/241/year/2009/tournamentId/550/jonathan-kaye,Buick Open,7/30-08/02,Round 3,Warwick Hills G&CC - Grand Blanc- MI,,2009, 1, 567, 5, 4, 37, 2, 431, 4, 4, 30, 3, 187, 3, 5, 25, 4, 401, 4, 4, 30, 5, 437, 4, 4, 30, 6, 421, 4, 5, 31, 7, 584, 5, 4, 37, 8, 199, 3, 3, 23, 9, 434, 4, 4, 30, 10, 401, 4, 4, 30, 11, 190, 3, 3, 23, 12, 340, 4, 4, 30, 13, 544, 5, 5, 38, 14, 322, 4, 4, 30, 15, 457, 4, 5, 31, 16, 580, 5, 4, 37, 17, 197, 3, 3, 23, 18, 435, 4, 4, 30,  , 37, 30, 25, 30, 30, 31, 37, 23, 30, 30, 23, 30, 38, 30, 31, 37, 23, 30,
http://espn.go.com/golf/player/scorecards/_/id/241/year/2009/tournamentId/550/jonathan-kaye,Buick Open,7/30-08/02,Round 2,Warwick Hills G&CC - Grand Blanc- MI,,2009, 1, 567, 5, 4, 37, 2, 431, 4, 4, 30, 3, 187, 3, 3, 23, 4, 401, 4, 4, 30, 5, 437, 4, 4, 30, 6, 421, 4, 4, 30, 7, 584, 5, 5, 38, 8, 199, 3, 3, 23, 9, 434, 4, 4, 30, 10, 401, 4, 4, 30, 11, 190, 3, 2, 22, 12, 340, 4, 4, 30, 13, 544, 5, 4, 37, 14, 322, 4, 3, 29, 15, 457, 4, 4, 30, 16, 580, 5, 5, 38, 17, 197, 3, 3, 23, 18, 435, 4, 3, 29,  , 37, 30, 23, 30, 30, 30, 38, 23, 30, 30, 22, 30, 37, 29, 30, 38, 23, 29,
http://espn.go.com/golf/player/scorecards/_/id/241/year/2009/tournamentId/550/jonathan-kaye,Buick Open,7/30-08/02,Round 1,Warwick Hills G&CC - Grand Blanc- MI,,2009, 1, 567, 5, 5, 38, 2, 431, 4, 4, 30, 3, 187, 3, 3, 23, 4, 401, 4, 4, 30, 5, 437, 4, 3, 29, 6, 421, 4, 5, 31, 7, 584, 5, 4, 37, 8, 199, 3, 3, 23, 9, 434, 4, 4, 30, 10, 401, 4, 4, 30, 11, 190, 3, 4, 24, 12, 340, 4, 3, 29, 13, 544, 5, 5, 38, 14, 322, 4, 4, 30, 15, 457, 4, 4, 30, 16, 580, 5, 4, 37, 17, 197, 3, 3, 23, 18, 435, 4, 4, 30,  , 38, 30, 23, 30, 29, 31, 37, 23, 30, 30, 24, 29, 38, 30, 30, 37, 23, 30,
http://espn.go.com/golf/player/scorecards/_/id/241/year/2009/tournamentId/561/jonathan-kaye,Legends Reno-Tahoe Open,8/06-08/09,Round 4,Montreux G&CC - Reno- NV,,2009, 1, 494, 4, 3, 29, 2, 584, 5, 3, 36, 3, 186, 3, 4, 24, 4, 355, 4, 4, 30, 5, 491, 4, 4, 30, 6, 477, 4, 4, 30, 7, 183, 3, 3, 23, 8, 636, 5, 4, 37, 9, 429, 4, 5, 31, 10, 413, 4, 4, 30, 11, 171, 3, 4, 24, 12, 429, 4, 3, 29, 13, 518, 5, 4, 37, 14, 367, 4, 4, 30, 15, 439, 4, 4, 30, 16, 220, 3, 3, 23, 17, 464, 4, 4, 30, 18, 616, 5, 4, 37,  , 29, 36, 24, 30, 30, 30, 23, 37, 31, 30, 24, 29, 37, 30, 30, 23, 30, 37,
http://espn.go.com/golf/player/scorecards/_/id/241/year/2009/tournamentId/561/jonathan-kaye,Legends Reno-Tahoe Open,8/06-08/09,Round 3,Montreux G&CC - Reno- NV,,2009, 1, 494, 4, 4, 30, 2, 584, 5, 3, 36, 3, 186, 3, 4, 24, 4, 355, 4, 5, 31, 5, 491, 4, 4, 30, 6, 477, 4, 3, 29, 7, 183, 3, 4, 24, 8, 636, 5, 4, 37, 9, 429, 4, 5, 31, 10, 413, 4, 4, 30, 11, 171, 3, 4, 24, 12, 429, 4, 3, 29, 13, 518, 5, 4, 37, 14, 367, 4, 5, 31, 15, 439, 4, 4, 30, 16, 220, 3, 4, 24, 17, 464, 4, 5, 31, 18, 616, 5, 4, 37,  , 30, 36, 24, 31, 30, 29, 24, 37, 31, 30, 24, 29, 37, 31, 30, 24, 31, 37,
http://espn.go.com/golf/player/scorecards/_/id/241/year/2009/tournamentId/561/jonathan-kaye,Legends Reno-Tahoe Open,8/06-08/09,Round 2,Montreux G&CC - Reno- NV,,2009, 1, 494, 4, 4, 30, 2, 584, 5, 3, 36, 3, 186, 3, 4, 24, 4, 355, 4, 5, 31, 5, 491, 4, 4, 30, 6, 477, 4, 4, 30, 7, 183, 3, 4, 24, 8, 636, 5, 4, 37, 9, 429, 4, 4, 30, 10, 413, 4, 3, 29, 11, 171, 3, 5, 25, 12, 429, 4, 3, 29, 13, 518, 5, 3, 36, 14, 367, 4, 3, 29, 15, 439, 4, 5, 31, 16, 220, 3, 3, 23, 17, 464, 4, 5, 31, 18, 616, 5, 3, 36,  , 30, 36, 24, 31, 30, 30, 24, 37, 30, 29, 25, 29, 36, 29, 31, 23, 31, 36,
http://espn.go.com/golf/player/scorecards/_/id/241/year/2009/tournamentId/561/jonathan-kaye,Legends Reno-Tahoe Open,8/06-08/09,Round 1,Montreux G&CC - Reno- NV,,2009, 1, 494, 4, 4, 30, 2, 584, 5, 3, 36, 3, 186, 3, 3, 23, 4, 355, 4, 4, 30, 5, 491, 4, 4, 30, 6, 477, 4, 5, 31, 7, 183, 3, 2, 22, 8, 636, 5, 4, 37, 9, 429, 4, 4, 30, 10, 413, 4, 4, 30, 11, 171, 3, 4, 24, 12, 429, 4, 3, 29, 13, 518, 5, 5, 38, 14, 367, 4, 4, 30, 15, 439, 4, 4, 30, 16, 220, 3, 3, 23, 17, 464, 4, 4, 30, 18, 616, 5, 4, 37,  , 30, 36, 23, 30, 30, 31, 22, 37, 30, 30, 24, 29, 38, 30, 30, 23, 30, 37,
http://espn.go.com/golf/player/scorecards/_/id/241/year/2009/tournamentId/539/jonathan-kaye,Wyndham Championship,8/20-08/23,Round 2,Sedgefield Country Club - Greensboro- NC,,2009, 1, 418, 4, 3, 29, 2, 442, 4, 4, 30, 3, 174, 3, 2, 22, 4, 428, 4, 4, 30, 5, 529, 5, 6, 39, 6, 423, 4, 4, 30, 7, 223, 3, 3, 23, 8, 374, 4, 5, 31, 9, 416, 4, 5, 31, 10, 440, 4, , 33, 11, 486, 4, , 33, 12, 235, 3, , 26, 13, 405, 4, , 33, 14, 501, 4, , 33, 15, 545, 5, , 41, 16, 165, 3, , 26, 17, 406, 4, , 33, 18, 507, 4, , 33,  , 29, 30, 22, 30, 39, 30, 23, 31, 31, 33, 33, 26, 33, 33, 41, 26, 33, 33,
http://espn.go.com/golf/player/scorecards/_/id/241/year/2009/tournamentId/539/jonathan-kaye,Wyndham Championship,8/20-08/23,Round 1,Sedgefield Country Club - Greensboro- NC,,2009, 1, 418, 4, 5, 31, 2, 442, 4, 5, 31, 3, 174, 3, 2, 22, 4, 428, 4, 5, 31, 5, 529, 5, 4, 37, 6, 423, 4, 5, 31, 7, 223, 3, 4, 24, 8, 374, 4, 4, 30, 9, 416, 4, 5, 31, 10, 440, 4, 4, 30, 11, 486, 4, 6, 32, 12, 235, 3, 3, 23, 13, 405, 4, 4, 30, 14, 501, 4, 4, 30, 15, 545, 5, 5, 38, 16, 165, 3, 3, 23, 17, 406, 4, 4, 30, 18, 507, 4, 3, 29,  , 31, 31, 22, 31, 37, 31, 24, 30, 31, 30, 32, 23, 30, 30, 38, 23, 30, 29,
http://espn.go.com/golf/player/scorecards/_/id/241/year/2009/tournamentId/699/jonathan-kaye,PGA Tour Qualifying Tournament,2/02-12/07,Round 6 ,Bear Lake Country Club Links Course- Bear Lake Country Club Lakes Course,Bear Lake Country Club Lakes Course,2009, 1, -, 4, 4, 30, 2, -, 5, 2, 35, 3, -, 4, 4, 30, 4, -, 3, 4, 24, 5, -, 4, 4, 30, 6, -, 5, 6, 39, 7, -, 4, 6, 32, 8, -, 3, 2, 22, 9, -, 4, 5, 31, 10, -, 4, 4, 30, 11, -, 5, 2, 35, 12, -, 4, 7, 33, 13, -, 3, 4, 24, 14, -, 4, 2, 28, 15, -, 4, 4, 30, 16, -, 3, 4, 24, 17, -, 5, 5, 38, 18, -, 4, 4, 30,  , 30, 35, 30, 24, 30, 39, 32, 22, 31, 30, 35, 33, 24, 28, 30, 24, 38, 30,
http://espn.go.com/golf/player/scorecards/_/id/241/year/2009/tournamentId/699/jonathan-kaye,PGA Tour Qualifying Tournament,2/02-12/07,Round 5 ,Bear Lake Country Club Links Course- Bear Lake Country Club Lakes Course,Bear Lake Country Club Links Course,2009, 1, -, 4, 4, 30, 2, -, 5, 5, 38, 3, -, 4, 4, 30, 4, -, 3, 3, 23, 5, -, 4, 3, 29, 6, -, 5, 4, 37, 7, -, 4, 4, 30, 8, -, 3, 3, 23, 9, -, 4, 3, 29, 10, -, 4, 4, 30, 11, -, 5, 6, 39, 12, -, 4, 4, 30, 13, -, 3, 3, 23, 14, -, 4, 4, 30, 15, -, 4, 3, 29, 16, -, 3, 3, 23, 17, -, 5, 4, 37, 18, -, 4, 5, 31,  , 30, 38, 30, 23, 29, 37, 30, 23, 29, 30, 39, 30, 23, 30, 29, 23, 37, 31,
http://espn.go.com/golf/player/scorecards/_/id/241/year/2009/tournamentId/699/jonathan-kaye,PGA Tour Qualifying Tournament,2/02-12/07,Round 4 ,Bear Lake Country Club Links Course- Bear Lake Country Club Lakes Course,Bear Lake Country Club Lakes Course,2009, 1, -, 4, 4, 30, 2, -, 5, 3, 36, 3, -, 4, 4, 30, 4, -, 3, 4, 24, 5, -, 4, 4, 30, 6, -, 5, 4, 37, 7, -, 4, 4, 30, 8, -, 3, 3, 23, 9, -, 4, 4, 30, 10, -, 4, 5, 31, 11, -, 5, 3, 36, 12, -, 4, 5, 31, 13, -, 3, 5, 25, 14, -, 4, 3, 29, 15, -, 4, 4, 30, 16, -, 3, 4, 24, 17, -, 5, 6, 39, 18, -, 4, 2, 28,  , 30, 36, 30, 24, 30, 37, 30, 23, 30, 31, 36, 31, 25, 29, 30, 24, 39, 28,
http://espn.go.com/golf/player/scorecards/_/id/241/year/2009/tournamentId/699/jonathan-kaye,PGA Tour Qualifying Tournament,2/02-12/07,Round 3 ,Bear Lake Country Club Links Course- Bear Lake Country Club Lakes Course,Bear Lake Country Club Links Course,2009, 1, -, 4, 3, 29, 2, -, 5, 5, 38, 3, -, 4, 3, 29, 4, -, 3, 3, 23, 5, -, 4, 4, 30, 6, -, 5, 5, 38, 7, -, 4, 4, 30, 8, -, 3, 3, 23, 9, -, 4, 4, 30, 10, -, 4, 4, 30, 11, -, 5, 4, 37, 12, -, 4, 5, 31, 13, -, 3, 4, 24, 14, -, 4, 4, 30, 15, -, 4, 3, 29, 16, -, 3, 3, 23, 17, -, 5, 5, 38, 18, -, 4, 4, 30,  , 29, 38, 29, 23, 30, 38, 30, 23, 30, 30, 37, 31, 24, 30, 29, 23, 38, 30,
http://espn.go.com/golf/player/scorecards/_/id/241/year/2009/tournamentId/699/jonathan-kaye,PGA Tour Qualifying Tournament,2/02-12/07,Round 2 ,Bear Lake Country Club Links Course- Bear Lake Country Club Lakes Course,Bear Lake Country Club Lakes Course,2009, 1, -, 4, 3, 29, 2, -, 5, 3, 36, 3, -, 4, 4, 30, 4, -, 3, 3, 23, 5, -, 4, 4, 30, 6, -, 5, 5, 38, 7, -, 4, 4, 30, 8, -, 3, 3, 23, 9, -, 4, 4, 30, 10, -, 4, 3, 29, 11, -, 5, 3, 36, 12, -, 4, 5, 31, 13, -, 3, 4, 24, 14, -, 4, 2, 28, 15, -, 4, 5, 31, 16, -, 3, 4, 24, 17, -, 5, 5, 38, 18, -, 4, 5, 31,  , 29, 36, 30, 23, 30, 38, 30, 23, 30, 29, 36, 31, 24, 28, 31, 24, 38, 31,
http://espn.go.com/golf/player/scorecards/_/id/241/year/2009/tournamentId/699/jonathan-kaye,PGA Tour Qualifying Tournament,2/02-12/07,Round 1 ,Bear Lake Country Club Links Course- Bear Lake Country Club Lakes Course,Bear Lake Country Club Links Course,2009, 1, -, 4, 4, 30, 2, -, 5, 4, 37, 3, -, 4, 4, 30, 4, -, 3, 3, 23, 5, -, 4, 5, 31, 6, -, 5, 5, 38, 7, -, 4, 4, 30, 8, -, 3, 2, 22, 9, -, 4, 4, 30, 10, -, 4, 4, 30, 11, -, 5, 6, 39, 12, -, 4, 4, 30, 13, -, 3, 3, 23, 14, -, 4, 4, 30, 15, -, 4, 4, 30, 16, -, 3, 3, 23, 17, -, 5, 5, 38, 18, -, 4, 5, 31,  , 30, 37, 30, 23, 31, 38, 30, 22, 30, 30, 39, 30, 23, 30, 30, 23, 38, 31,
http://espn.go.com/golf/player/scorecards/_/id/241/year/2010/tournamentId/793/jonathan-kaye,Mayakoba Golf Classic at Riviera Maya-Cancun,2/18-02/21,Round 4,El Camaleon - Riviera Maya- Mexico,,2010, 1, 438, 4, 6, 32, 2, 428, 4, 3, 29, 3, 389, 4, 6, 32, 4, 116, 3, 4, 24, 5, 554, 5, 4, 37, 6, 416, 4, 4, 30, 7, 554, 5, 4, 37, 8, 151, 3, 4, 24, 9, 462, 4, 4, 30, 10, 200, 3, 3, 23, 11, 360, 4, 4, 30, 12, 451, 4, 4, 30, 13, 532, 5, 4, 37, 14, 452, 4, 4, 30, 15, 155, 3, 4, 24, 16, 485, 4, 4, 30, 17, 386, 4, 4, 30, 18, 458, 4, 5, 31,  , 32, 29, 32, 24, 37, 30, 37, 24, 30, 23, 30, 30, 37, 30, 24, 30, 30, 31,
http://espn.go.com/golf/player/scorecards/_/id/241/year/2010/tournamentId/793/jonathan-kaye,Mayakoba Golf Classic at Riviera Maya-Cancun,2/18-02/21,Round 3,El Camaleon - Riviera Maya- Mexico,,2010, 1, 438, 4, 5, 31, 2, 428, 4, 3, 29, 3, 389, 4, 5, 31, 4, 116, 3, 4, 24, 5, 554, 5, 4, 37, 6, 416, 4, 4, 30, 7, 554, 5, 3, 36, 8, 151, 3, 5, 25, 9, 462, 4, 3, 29, 10, 200, 3, 3, 23, 11, 360, 4, 4, 30, 12, 451, 4, 4, 30, 13, 532, 5, 6, 39, 14, 452, 4, 4, 30, 15, 155, 3, 4, 24, 16, 485, 4, 4, 30, 17, 386, 4, 3, 29, 18, 458, 4, 4, 30,  , 31, 29, 31, 24, 37, 30, 36, 25, 29, 23, 30, 30, 39, 30, 24, 30, 29, 30,
http://espn.go.com/golf/player/scorecards/_/id/241/year/2010/tournamentId/793/jonathan-kaye,Mayakoba Golf Classic at Riviera Maya-Cancun,2/18-02/21,Round 2,El Camaleon - Riviera Maya- Mexico,,2010, 1, 438, 4, 4, 30, 2, 428, 4, 3, 29, 3, 389, 4, 4, 30, 4, 116, 3, 4, 24, 5, 554, 5, 4, 37, 6, 416, 4, 5, 31, 7, 554, 5, 4, 37, 8, 151, 3, 4, 24, 9, 462, 4, 3, 29, 10, 200, 3, 3, 23, 11, 360, 4, 3, 29, 12, 451, 4, 4, 30, 13, 532, 5, 4, 37, 14, 452, 4, 4, 30, 15, 155, 3, 3, 23, 16, 485, 4, 5, 31, 17, 386, 4, 4, 30, 18, 458, 4, 5, 31,  , 30, 29, 30, 24, 37, 31, 37, 24, 29, 23, 29, 30, 37, 30, 23, 31, 30, 31,
http://espn.go.com/golf/player/scorecards/_/id/241/year/2010/tournamentId/793/jonathan-kaye,Mayakoba Golf Classic at Riviera Maya-Cancun,2/18-02/21,Round 1,El Camaleon - Riviera Maya- Mexico,,2010, 1, 438, 4, 5, 31, 2, 428, 4, 3, 29, 3, 389, 4, 5, 31, 4, 116, 3, 4, 24, 5, 554, 5, 3, 36, 6, 416, 4, 4, 30, 7, 554, 5, 3, 36, 8, 151, 3, 5, 25, 9, 462, 4, 4, 30, 10, 200, 3, 3, 23, 11, 360, 4, 4, 30, 12, 451, 4, 4, 30, 13, 532, 5, 5, 38, 14, 452, 4, 4, 30, 15, 155, 3, 3, 23, 16, 485, 4, 4, 30, 17, 386, 4, 3, 29, 18, 458, 4, 4, 30,  , 31, 29, 31, 24, 36, 30, 36, 25, 30, 23, 30, 30, 38, 30, 23, 30, 29, 30,
http://espn.go.com/golf/player/scorecards/_/id/241/year/2010/tournamentId/766/jonathan-kaye,Waste Management Phoenix Open,2/25-02/28,Round 2,TPC Scottsdale - Scottsdale- AZ,,2010, 1, 410, 4, 4, 30, 2, 416, 4, 3, 29, 3, 554, 5, 5, 38, 4, 175, 3, 4, 24, 5, 453, 4, 4, 30, 6, 436, 4, 4, 30, 7, 215, 3, 3, 23, 8, 470, 4, 4, 30, 9, 464, 4, 3, 29, 10, 403, 4, 4, 30, 11, 469, 4, 4, 30, 12, 195, 3, 3, 23, 13, 595, 5, 4, 37, 14, 477, 4, 3, 29, 15, 552, 5, 5, 38, 16, 162, 3, 4, 24, 17, 332, 4, 3, 29, 18, 438, 4, 5, 31,  , 30, 29, 38, 24, 30, 30, 23, 30, 29, 30, 30, 23, 37, 29, 38, 24, 29, 31,
http://espn.go.com/golf/player/scorecards/_/id/241/year/2010/tournamentId/766/jonathan-kaye,Waste Management Phoenix Open,2/25-02/28,Round 1,TPC Scottsdale - Scottsdale- AZ,,2010, 1, 410, 4, 4, 30, 2, 416, 4, 4, 30, 3, 554, 5, 5, 38, 4, 175, 3, 3, 23, 5, 453, 4, 4, 30, 6, 436, 4, 5, 31, 7, 215, 3, 4, 24, 8, 470, 4, 4, 30, 9, 464, 4, 4, 30, 10, 403, 4, 4, 30, 11, 469, 4, 4, 30, 12, 195, 3, 4, 24, 13, 595, 5, 4, 37, 14, 477, 4, 4, 30, 15, 552, 5, 5, 38, 16, 162, 3, 3, 23, 17, 332, 4, 3, 29, 18, 438, 4, 4, 30,  , 30, 30, 38, 23, 30, 31, 24, 30, 30, 30, 30, 24, 37, 30, 38, 23, 29, 30,
http://espn.go.com/golf/player/scorecards/_/id/241/year/2010/tournamentId/795/jonathan-kaye,Puerto Rico Open presented by Banco Popular,3/11-03/15,Round 4,Trump Intrntl GC - Puerto Rico - Rio Grande,,2010, 1, 447, 4, 4, 30, 2, 547, 5, 4, 37, 3, 386, 4, 4, 30, 4, 455, 4, 4, 30, 5, 535, 5, 4, 37, 6, 203, 3, 5, 25, 7, 448, 4, 4, 30, 8, 236, 3, 5, 25, 9, 450, 4, 4, 30, 10, 430, 4, 4, 30, 11, 192, 3, 3, 23, 12, 465, 4, 4, 30, 13, 410, 4, 4, 30, 14, 459, 4, 4, 30, 15, 600, 5, 5, 38, 16, 202, 3, 3, 23, 17, 411, 4, 4, 30, 18, 630, 5, 4, 37,  , 30, 37, 30, 30, 37, 25, 30, 25, 30, 30, 23, 30, 30, 30, 38, 23, 30, 37,
http://espn.go.com/golf/player/scorecards/_/id/241/year/2010/tournamentId/795/jonathan-kaye,Puerto Rico Open presented by Banco Popular,3/11-03/15,Round 3,Trump Intrntl GC - Puerto Rico - Rio Grande,,2010, 1, 447, 4, 4, 30, 2, 547, 5, 5, 38, 3, 386, 4, 4, 30, 4, 455, 4, 3, 29, 5, 535, 5, 4, 37, 6, 203, 3, 3, 23, 7, 448, 4, 4, 30, 8, 236, 3, 3, 23, 9, 450, 4, 4, 30, 10, 430, 4, 5, 31, 11, 192, 3, 2, 22, 12, 465, 4, 4, 30, 13, 410, 4, 3, 29, 14, 459, 4, 4, 30, 15, 600, 5, 5, 38, 16, 202, 3, 2, 22, 17, 411, 4, 4, 30, 18, 630, 5, 4, 37,  , 30, 38, 30, 29, 37, 23, 30, 23, 30, 31, 22, 30, 29, 30, 38, 22, 30, 37,
http://espn.go.com/golf/player/scorecards/_/id/241/year/2010/tournamentId/795/jonathan-kaye,Puerto Rico Open presented by Banco Popular,3/11-03/15,Round 2,Trump Intrntl GC - Puerto Rico - Rio Grande,,2010, 1, 447, 4, 4, 30, 2, 547, 5, 3, 36, 3, 386, 4, 4, 30, 4, 455, 4, 4, 30, 5, 535, 5, 5, 38, 6, 203, 3, 3, 23, 7, 448, 4, 4, 30, 8, 236, 3, 3, 23, 9, 450, 4, 4, 30, 10, 430, 4, 4, 30, 11, 192, 3, 3, 23, 12, 465, 4, 4, 30, 13, 410, 4, 5, 31, 14, 459, 4, 4, 30, 15, 600, 5, 4, 37, 16, 202, 3, 3, 23, 17, 411, 4, 3, 29, 18, 630, 5, 5, 38,  , 30, 36, 30, 30, 38, 23, 30, 23, 30, 30, 23, 30, 31, 30, 37, 23, 29, 38,
http://espn.go.com/golf/player/scorecards/_/id/241/year/2010/tournamentId/795/jonathan-kaye,Puerto Rico Open presented by Banco Popular,3/11-03/15,Round 1,Trump Intrntl GC - Puerto Rico - Rio Grande,,2010, 1, 447, 4, 4, 30, 2, 547, 5, 4, 37, 3, 386, 4, 4, 30, 4, 455, 4, 5, 31, 5, 535, 5, 5, 38, 6, 203, 3, 3, 23, 7, 448, 4, 4, 30, 8, 236, 3, 4, 24, 9, 450, 4, 4, 30, 10, 430, 4, 4, 30, 11, 192, 3, 2, 22, 12, 465, 4, 4, 30, 13, 410, 4, 4, 30, 14, 459, 4, 5, 31, 15, 600, 5, 4, 37, 16, 202, 3, 2, 22, 17, 411, 4, 5, 31, 18, 630, 5, 6, 39,  , 30, 37, 30, 31, 38, 23, 30, 24, 30, 30, 22, 30, 30, 31, 37, 22, 31, 39,
http://espn.go.com/golf/player/scorecards/_/id/241/year/2010/tournamentId/801/jonathan-kaye,Valero Texas Open,5/13-05/16,Round 1,TPC San Antonio - San Antonio- TX,,2010, 1, 454, 4, 4, 30, 2, 602, 5, 5, 38, 3, 213, 3, 3, 23, 4, 481, 4, 4, 30, 5, 342, 4, 3, 29, 6, 403, 4, 5, 31, 7, 207, 3, 3, 23, 8, 604, 5, 6, 39, 9, 474, 4, 6, 32, 10, 447, 4, 4, 30, 11, 405, 4, 4, 30, 12, 410, 4, 5, 31, 13, 241, 3, 4, 24, 14, 567, 5, 5, 38, 15, 464, 4, 5, 31, 16, 183, 3, 3, 23, 17, 347, 4, 4, 30, 18, 591, 5, 6, 39,  , 30, 38, 23, 30, 29, 31, 23, 39, 32, 30, 30, 31, 24, 38, 31, 23, 30, 39,
http://espn.go.com/golf/player/scorecards/_/id/241/year/2010/tournamentId/782/jonathan-kaye,St. Jude Classic presented by Smith & Nephew,6/10-06/13,Round 2,TPC Southwind - Memphis- TN,,2010, 1, 434, 4, 3, 29, 2, 401, 4, 4, 30, 3, 554, 5, 4, 37, 4, 196, 3, 2, 22, 5, 485, 4, 4, 30, 6, 445, 4, 4, 30, 7, 482, 4, 4, 30, 8, 178, 3, 3, 23, 9, 457, 4, 6, 32, 10, 465, 4, 4, 30, 11, 157, 3, 4, 24, 12, 406, 4, 5, 31, 13, 472, 4, 4, 30, 14, 239, 3, 2, 22, 15, 395, 4, 3, 29, 16, 530, 5, 5, 38, 17, 490, 4, 4, 30, 18, 453, 4, 4, 30,  , 29, 30, 37, 22, 30, 30, 30, 23, 32, 30, 24, 31, 30, 22, 29, 38, 30, 30,
http://espn.go.com/golf/player/scorecards/_/id/241/year/2010/tournamentId/782/jonathan-kaye,St. Jude Classic presented by Smith & Nephew,6/10-06/13,Round 1,TPC Southwind - Memphis- TN,,2010, 1, 434, 4, 4, 30, 2, 401, 4, 4, 30, 3, 554, 5, 5, 38, 4, 196, 3, 3, 23, 5, 485, 4, 4, 30, 6, 445, 4, 3, 29, 7, 482, 4, 7, 33, 8, 178, 3, 3, 23, 9, 457, 4, 3, 29, 10, 465, 4, 4, 30, 11, 157, 3, 3, 23, 12, 406, 4, 5, 31, 13, 472, 4, 4, 30, 14, 239, 3, 3, 23, 15, 395, 4, 5, 31, 16, 530, 5, 5, 38, 17, 490, 4, 7, 33, 18, 453, 4, 4, 30,  , 30, 30, 38, 23, 30, 29, 33, 23, 29, 30, 23, 31, 30, 23, 31, 38, 33, 30,
http://espn.go.com/golf/player/scorecards/_/id/241/year/2010/tournamentId/789/jonathan-kaye,Reno-Tahoe Open,7/15-07/18,Round 4,Montreux G&CC - Reno- NV,,2010, 1, 494, 4, 3, 29, 2, 584, 5, 3, 36, 3, 186, 3, 6, 26, 4, 355, 4, 5, 31, 5, 491, 4, 5, 31, 6, 477, 4, 4, 30, 7, 183, 3, 3, 23, 8, 636, 5, 4, 37, 9, 429, 4, 4, 30, 10, 413, 4, 5, 31, 11, 171, 3, 5, 25, 12, 429, 4, 3, 29, 13, 518, 5, 4, 37, 14, 367, 4, 4, 30, 15, 439, 4, 4, 30, 16, 220, 3, 3, 23, 17, 464, 4, 5, 31, 18, 616, 5, 5, 38,  , 29, 36, 26, 31, 31, 30, 23, 37, 30, 31, 25, 29, 37, 30, 30, 23, 31, 38,
http://espn.go.com/golf/player/scorecards/_/id/241/year/2010/tournamentId/789/jonathan-kaye,Reno-Tahoe Open,7/15-07/18,Round 3,Montreux G&CC - Reno- NV,,2010, 1, 494, 4, 4, 30, 2, 584, 5, 3, 36, 3, 186, 3, 4, 24, 4, 355, 4, 5, 31, 5, 491, 4, 3, 29, 6, 477, 4, 4, 30, 7, 183, 3, 3, 23, 8, 636, 5, 4, 37, 9, 429, 4, 4, 30, 10, 413, 4, 4, 30, 11, 171, 3, 5, 25, 12, 429, 4, 4, 30, 13, 518, 5, 3, 36, 14, 367, 4, 4, 30, 15, 439, 4, 4, 30, 16, 220, 3, 3, 23, 17, 464, 4, 5, 31, 18, 616, 5, 4, 37,  , 30, 36, 24, 31, 29, 30, 23, 37, 30, 30, 25, 30, 36, 30, 30, 23, 31, 37,
http://espn.go.com/golf/player/scorecards/_/id/241/year/2010/tournamentId/789/jonathan-kaye,Reno-Tahoe Open,7/15-07/18,Round 2,Montreux G&CC - Reno- NV,,2010, 1, 494, 4, 4, 30, 2, 584, 5, 3, 36, 3, 186, 3, 4, 24, 4, 355, 4, 4, 30, 5, 491, 4, 5, 31, 6, 477, 4, 4, 30, 7, 183, 3, 3, 23, 8, 636, 5, 3, 36, 9, 429, 4, 4, 30, 10, 413, 4, 4, 30, 11, 171, 3, 4, 24, 12, 429, 4, 3, 29, 13, 518, 5, 4, 37, 14, 367, 4, 4, 30, 15, 439, 4, 5, 31, 16, 220, 3, 3, 23, 17, 464, 4, 4, 30, 18, 616, 5, 4, 37,  , 30, 36, 24, 30, 31, 30, 23, 36, 30, 30, 24, 29, 37, 30, 31, 23, 30, 37,
http://espn.go.com/golf/player/scorecards/_/id/241/year/2010/tournamentId/789/jonathan-kaye,Reno-Tahoe Open,7/15-07/18,Round 1,Montreux G&CC - Reno- NV,,2010, 1, 494, 4, 4, 30, 2, 584, 5, 3, 36, 3, 186, 3, 4, 24, 4, 355, 4, 4, 30, 5, 491, 4, 4, 30, 6, 477, 4, 4, 30, 7, 183, 3, 2, 22, 8, 636, 5, 6, 39, 9, 429, 4, 5, 31, 10, 413, 4, 4, 30, 11, 171, 3, 4, 24, 12, 429, 4, 3, 29, 13, 518, 5, 4, 37, 14, 367, 4, 4, 30, 15, 439, 4, 4, 30, 16, 220, 3, 3, 23, 17, 464, 4, 5, 31, 18, 616, 5, 4, 37,  , 30, 36, 24, 30, 30, 30, 22, 39, 31, 30, 24, 29, 37, 30, 30, 23, 31, 37,
http://espn.go.com/golf/player/scorecards/_/id/241/year/2010/tournamentId/847/jonathan-kaye,PGA TOUR Qualifying Tournament,2/01-12/06,Round 3 ,Panther Lake Golf Course- Crooked Cat Course,Crooked Cat Course,2010, 1, -, 4, 5, 31, 2, -, 5, 4, 37, 3, -, 4, 4, 30, 4, -, 3, 5, 25, 5, -, 4, 6, 32, 6, -, 3, 3, 23, 7, -, 4, 4, 30, 8, -, 4, 3, 29, 9, -, 4, 5, 31, 10, -, 5, 4, 37, 11, -, 3, 5, 25, 12, -, 4, 5, 31, 13, -, 4, 3, 29, 14, -, 5, 5, 38, 15, -, 3, 3, 23, 16, -, 4, 5, 31, 17, -, 3, 6, 26, 18, -, 5, 5, 38,  , 31, 37, 30, 25, 32, 23, 30, 29, 31, 37, 25, 31, 29, 38, 23, 31, 26, 38,
http://espn.go.com/golf/player/scorecards/_/id/241/year/2010/tournamentId/847/jonathan-kaye,PGA TOUR Qualifying Tournament,2/01-12/06,Round 2 ,Panther Lake Golf Course- Crooked Cat Course,Crooked Cat Course,2010, 1, -, 4, 4, 30, 2, -, 5, 4, 37, 3, -, 4, 4, 30, 4, -, 3, 4, 24, 5, -, 4, 4, 30, 6, -, 3, 4, 24, 7, -, 4, 4, 30, 8, -, 4, 3, 29, 9, -, 4, 4, 30, 10, -, 5, 4, 37, 11, -, 3, 4, 24, 12, -, 4, 4, 30, 13, -, 4, 4, 30, 14, -, 5, 5, 38, 15, -, 3, 3, 23, 16, -, 4, 5, 31, 17, -, 3, 5, 25, 18, -, 5, 4, 37,  , 30, 37, 30, 24, 30, 24, 30, 29, 30, 37, 24, 30, 30, 38, 23, 31, 25, 37,
http://espn.go.com/golf/player/scorecards/_/id/241/year/2010/tournamentId/847/jonathan-kaye,PGA TOUR Qualifying Tournament,2/01-12/06,Round 1 ,Panther Lake Golf Course- Crooked Cat Course,Panther Lake Golf Course,2010, 1, -, 4, 4, 30, 2, -, 5, 5, 38, 3, -, 4, 4, 30, 4, -, 3, 3, 23, 5, -, 4, 5, 31, 6, -, 3, 4, 24, 7, -, 4, 4, 30, 8, -, 4, 4, 30, 9, -, 4, 4, 30, 10, -, 5, 5, 38, 11, -, 3, 4, 24, 12, -, 4, 4, 30, 13, -, 4, 4, 30, 14, -, 5, 5, 38, 15, -, 3, 2, 22, 16, -, 4, 4, 30, 17, -, 3, 3, 23, 18, -, 5, 5, 38,  , 30, 38, 30, 23, 31, 24, 30, 30, 30, 38, 24, 30, 30, 38, 22, 30, 23, 38,
http://espn.go.com/golf/player/scorecards/_/id/241/tournamentId/923/jonathan-kaye,Mayakoba Golf Classic at Riviera Maya-Cancun,2/24-02/27,Round 4,El Camaleon - Riviera Maya- Mexico,,2011, 1, 438, 4, 4, 30, 2, 428, 4, 3, 29, 3, 389, 4, 4, 30, 4, 116, 3, 4, 24, 5, 554, 5, 5, 38, 6, 416, 4, 3, 29, 7, 554, 5, 3, 36, 8, 151, 3, 4, 24, 9, 462, 4, 4, 30, 10, 200, 3, 3, 23, 11, 360, 4, 4, 30, 12, 451, 4, 4, 30, 13, 532, 5, 5, 38, 14, 452, 4, 4, 30, 15, 155, 3, 3, 23, 16, 485, 4, 5, 31, 17, 386, 4, 4, 30, 18, 458, 4, 4, 30,  , 30, 29, 30, 24, 38, 29, 36, 24, 30, 23, 30, 30, 38, 30, 23, 31, 30, 30,
http://espn.go.com/golf/player/scorecards/_/id/241/tournamentId/923/jonathan-kaye,Mayakoba Golf Classic at Riviera Maya-Cancun,2/24-02/27,Round 3,El Camaleon - Riviera Maya- Mexico,,2011, 1, 438, 4, 3, 29, 2, 428, 4, 2, 28, 3, 389, 4, 5, 31, 4, 116, 3, 4, 24, 5, 554, 5, 4, 37, 6, 416, 4, 4, 30, 7, 554, 5, 3, 36, 8, 151, 3, 5, 25, 9, 462, 4, 4, 30, 10, 200, 3, 3, 23, 11, 360, 4, 4, 30, 12, 451, 4, 4, 30, 13, 532, 5, 5, 38, 14, 452, 4, 5, 31, 15, 155, 3, 3, 23, 16, 485, 4, 3, 29, 17, 386, 4, 5, 31, 18, 458, 4, 4, 30,  , 29, 28, 31, 24, 37, 30, 36, 25, 30, 23, 30, 30, 38, 31, 23, 29, 31, 30,
http://espn.go.com/golf/player/scorecards/_/id/241/tournamentId/923/jonathan-kaye,Mayakoba Golf Classic at Riviera Maya-Cancun,2/24-02/27,Round 2,El Camaleon - Riviera Maya- Mexico,,2011, 1, 438, 4, 5, 31, 2, 428, 4, 3, 29, 3, 389, 4, 4, 30, 4, 116, 3, 3, 23, 5, 554, 5, 4, 37, 6, 416, 4, 3, 29, 7, 554, 5, 3, 36, 8, 151, 3, 4, 24, 9, 462, 4, 3, 29, 10, 200, 3, 4, 24, 11, 360, 4, 4, 30, 12, 451, 4, 5, 31, 13, 532, 5, 5, 38, 14, 452, 4, 4, 30, 15, 155, 3, 3, 23, 16, 485, 4, 4, 30, 17, 386, 4, 3, 29, 18, 458, 4, 4, 30,  , 31, 29, 30, 23, 37, 29, 36, 24, 29, 24, 30, 31, 38, 30, 23, 30, 29, 30,
http://espn.go.com/golf/player/scorecards/_/id/241/tournamentId/923/jonathan-kaye,Mayakoba Golf Classic at Riviera Maya-Cancun,2/24-02/27,Round 1,El Camaleon - Riviera Maya- Mexico,,2011, 1, 438, 4, 3, 29, 2, 428, 4, 3, 29, 3, 389, 4, 4, 30, 4, 116, 3, 3, 23, 5, 554, 5, 3, 36, 6, 416, 4, 5, 31, 7, 554, 5, 4, 37, 8, 151, 3, 4, 24, 9, 462, 4, 4, 30, 10, 200, 3, 4, 24, 11, 360, 4, 5, 31, 12, 451, 4, 5, 31, 13, 532, 5, 5, 38, 14, 452, 4, 4, 30, 15, 155, 3, 2, 22, 16, 485, 4, 4, 30, 17, 386, 4, 5, 31, 18, 458, 4, 5, 31,  , 29, 29, 30, 23, 36, 31, 37, 24, 30, 24, 31, 31, 38, 30, 22, 30, 31, 31,
http://espn.go.com/golf/player/scorecards/_/id/241/tournamentId/926/jonathan-kaye,Puerto Rico Open presented by seepuertorico.com,3/10-03/13,Round 2,Trump Intrntl GC - Puerto Rico - Rio Grande,,2011, 1, 447, 4, 4, 30, 2, 547, 5, 5, 38, 3, 386, 4, 4, 30, 4, 455, 4, 4, 30, 5, 535, 5, 5, 38, 6, 203, 3, 4, 24, 7, 448, 4, 4, 30, 8, 236, 3, 3, 23, 9, 450, 4, 4, 30, 10, 430, 4, 4, 30, 11, 192, 3, 3, 23, 12, 465, 4, 4, 30, 13, 410, 4, 4, 30, 14, 459, 4, 4, 30, 15, 600, 5, 6, 39, 16, 202, 3, 4, 24, 17, 411, 4, 4, 30, 18, 630, 5, , 41,  , 30, 38, 30, 30, 38, 24, 30, 23, 30, 30, 23, 30, 30, 30, 39, 24, 30, 41,
http://espn.go.com/golf/player/scorecards/_/id/241/tournamentId/926/jonathan-kaye,Puerto Rico Open presented by seepuertorico.com,3/10-03/13,Round 1,Trump Intrntl GC - Puerto Rico - Rio Grande,,2011, 1, 447, 4, 3, 29, 2, 547, 5, 4, 37, 3, 386, 4, 4, 30, 4, 455, 4, 4, 30, 5, 535, 5, 4, 37, 6, 203, 3, 4, 24, 7, 448, 4, 4, 30, 8, 236, 3, 3, 23, 9, 450, 4, 5, 31, 10, 430, 4, 4, 30, 11, 192, 3, 4, 24, 12, 465, 4, 4, 30, 13, 410, 4, 4, 30, 14, 459, 4, 5, 31, 15, 600, 5, 6, 39, 16, 202, 3, 3, 23, 17, 411, 4, 6, 32, 18, 630, 5, 4, 37,  , 29, 37, 30, 30, 37, 24, 30, 23, 31, 30, 24, 30, 30, 31, 39, 23, 32, 37,
